1 0 
0 2 
1 5 
2 6 
6 8 
8 9 
9 10 
10 11 
5 14 
11 20 
20 22 
14 25 
22 34 
25 35 
34 43 
35 44 
43 50 
44 51 
50 57 
51 58 
57 64 
58 65 
64 71 
65 72 
71 78 
72 79 
78 85 
79 86 
85 92 
86 93 
92 99 
93 100 
99 106 
100 107 
106 113 
107 114 
113 120 
114 121 
120 127 
121 128 
127 134 
128 135 
134 141 
135 142 
141 148 
142 149 
148 155 
149 156 
155 162 
156 163 
162 169 
163 170 
169 176 
177 178 
178 179 
170 180 
180 181 
182 177 
181 182 
176 188 
179 189 
188 201 
189 202 
202 203 
201 215 
203 216 
216 217 
217 220 
220 221 
215 232 
221 233 
233 234 
234 235 
235 236 
232 251 
236 252 
252 253 
251 268 
253 269 
269 270 
268 284 
270 285 
285 286 
284 299 
286 300 
300 301 
299 313 
301 314 
313 325 
314 327 
325 336 
327 339 
336 346 
339 347 
346 357 
347 358 
357 367 
358 368 
367 376 
368 377 
376 384 
377 385 
384 391 
385 392 
391 398 
392 399 
398 405 
399 406 
405 412 
406 413 
412 419 
413 420 
419 426 
420 427 
426 433 
427 434 
433 440 
434 441 
440 447 
441 448 
447 454 
448 455 
454 461 
455 462 
461 468 
462 469 
468 475 
469 476 
475 482 
476 483 
482 489 
483 491 
489 497 
498 490 
500 490 
491 502 
497 508 
509 498 
510 500 
511 510 
512 511 
513 512 
502 513 
508 522 
524 509 
522 535 
537 524 
535 545 
547 537 
545 554 
556 547 
554 561 
563 556 
561 566 
568 563 
566 570 
572 568 
570 573 
573 574 
574 572 
