0 1 3 
2 0 4 
4 0 3 
1 5 3 
6 2 7 
7 2 4 
5 12 3 
4 3 12 
7 4 13 
13 4 12 
5 14 12 
8 6 15 
15 6 7 
15 7 16 
16 7 13 
9 8 17 
17 8 15 
10 9 18 
18 9 17 
11 10 19 
19 10 18 
20 11 21 
21 11 19 
16 13 23 
12 14 24 
12 24 13 
24 23 13 
14 25 24 
17 15 26 
26 15 16 
26 16 27 
27 16 23 
18 17 28 
28 17 26 
19 18 29 
29 18 28 
21 19 30 
30 19 29 
22 20 31 
31 20 21 
31 21 32 
32 21 30 
22 31 33 
34 22 33 
24 36 23 
23 36 27 
25 35 37 
24 25 37 
24 37 36 
28 26 38 
38 26 27 
38 27 36 
36 39 38 
30 29 40 
29 28 40 
28 38 40 
41 32 30 
40 41 30 
42 33 31 
41 42 32 
31 32 42 
43 34 33 
42 43 33 
35 44 45 
37 35 45 
37 45 46 
36 37 46 
36 46 39 
47 40 38 
38 39 47 
47 39 46 
48 41 40 
47 48 40 
49 42 41 
48 49 41 
50 43 42 
49 50 42 
44 51 52 
45 44 52 
45 52 53 
46 45 53 
46 53 54 
46 54 47 
55 48 47 
54 55 47 
56 49 48 
55 56 48 
57 50 49 
56 57 49 
51 58 59 
52 51 59 
52 59 60 
53 52 60 
53 60 61 
61 54 53 
62 55 54 
61 62 54 
63 56 55 
62 63 55 
64 57 56 
63 64 56 
58 65 66 
59 58 66 
59 66 67 
60 59 67 
60 67 68 
68 61 60 
69 62 61 
68 69 61 
70 63 62 
69 70 62 
71 64 63 
70 71 63 
65 72 73 
66 65 73 
66 73 74 
67 66 74 
67 74 75 
75 68 67 
76 69 68 
75 76 68 
77 70 69 
76 77 69 
78 71 70 
77 78 70 
72 79 80 
73 72 80 
73 80 81 
74 73 81 
74 81 82 
82 75 74 
83 76 75 
82 83 75 
84 77 76 
83 84 76 
85 78 77 
84 85 77 
79 86 87 
80 79 87 
80 87 88 
81 80 88 
81 88 89 
89 82 81 
90 83 82 
89 90 82 
91 84 83 
90 91 83 
92 85 84 
91 92 84 
86 93 94 
87 86 94 
87 94 95 
88 87 95 
88 95 96 
96 89 88 
97 90 89 
96 97 89 
98 91 90 
97 98 90 
99 92 91 
98 99 91 
93 100 101 
94 93 101 
94 101 102 
95 94 102 
95 102 103 
103 96 95 
104 97 96 
103 104 96 
105 98 97 
104 105 97 
106 99 98 
105 106 98 
100 107 108 
101 100 108 
101 108 109 
102 101 109 
102 109 110 
110 103 102 
111 104 103 
110 111 103 
112 105 104 
111 112 104 
113 106 105 
112 113 105 
107 114 115 
108 107 115 
108 115 116 
109 108 116 
109 116 117 
117 110 109 
118 111 110 
117 118 110 
119 112 111 
118 119 111 
120 113 112 
119 120 112 
114 121 122 
115 114 122 
115 122 123 
116 115 123 
116 123 124 
124 117 116 
125 118 117 
124 125 117 
126 119 118 
125 126 118 
127 120 119 
126 127 119 
121 128 129 
122 121 129 
122 129 130 
123 122 130 
123 130 131 
131 124 123 
132 125 124 
131 132 124 
133 126 125 
132 133 125 
134 127 126 
133 134 126 
128 135 136 
129 128 136 
129 136 137 
130 129 137 
130 137 138 
138 131 130 
139 132 131 
138 139 131 
140 133 132 
139 140 132 
141 134 133 
140 141 133 
135 142 143 
136 135 143 
136 143 144 
137 136 144 
137 144 145 
145 138 137 
146 139 138 
145 146 138 
147 140 139 
146 147 139 
148 141 140 
147 148 140 
142 149 150 
143 142 150 
143 150 151 
144 143 151 
144 151 152 
152 145 144 
153 146 145 
152 153 145 
154 147 146 
153 154 146 
155 148 147 
154 155 147 
149 156 157 
150 149 157 
150 157 158 
151 150 158 
151 158 159 
159 152 151 
160 153 152 
159 160 152 
161 154 153 
160 161 153 
162 155 154 
161 162 154 
156 163 164 
157 156 164 
157 164 165 
158 157 165 
158 165 166 
166 159 158 
167 160 159 
166 167 159 
168 161 160 
167 168 160 
169 162 161 
168 169 161 
163 170 171 
164 163 171 
164 171 172 
165 164 172 
165 172 173 
173 166 165 
174 167 166 
173 174 166 
175 168 167 
174 175 167 
176 169 168 
175 176 168 
170 180 183 
171 170 183 
171 183 184 
172 171 184 
172 184 185 
185 173 172 
186 174 173 
185 186 173 
187 175 174 
186 187 174 
188 176 175 
187 188 175 
182 177 190 
177 178 191 
190 177 191 
178 179 192 
191 178 192 
179 189 193 
192 179 193 
180 181 194 
183 180 194 
181 182 195 
194 181 195 
195 182 190 
183 194 196 
184 183 196 
184 196 197 
184 197 198 
198 185 184 
199 186 185 
198 199 185 
200 187 186 
199 200 186 
201 188 187 
200 201 187 
189 202 204 
193 189 204 
190 191 205 
195 190 206 
206 190 205 
191 192 207 
205 191 207 
192 193 208 
207 192 208 
193 204 209 
208 193 209 
194 195 210 
196 194 210 
210 195 206 
196 210 211 
196 211 197 
197 211 212 
212 198 197 
213 199 198 
212 213 198 
214 200 199 
213 214 199 
215 201 200 
214 215 200 
202 203 218 
204 202 218 
203 216 219 
218 203 219 
204 218 222 
209 204 222 
210 206 223 
205 207 224 
206 205 225 
223 206 225 
225 205 224 
207 208 226 
224 207 226 
208 209 227 
209 222 227 
226 208 227 
211 210 228 
210 223 228 
211 228 229 
229 212 211 
230 213 212 
230 212 229 
231 214 213 
230 231 213 
232 215 214 
231 232 214 
216 217 237 
219 216 237 
217 220 238 
237 217 238 
218 219 239 
222 218 239 
219 237 240 
239 219 240 
220 221 241 
238 220 241 
221 233 242 
241 221 242 
222 239 243 
222 243 227 
223 225 244 
225 224 244 
224 226 244 
228 223 244 
226 227 245 
226 245 244 
245 227 243 
229 228 246 
246 228 244 
229 246 247 
247 248 229 
229 248 230 
249 230 248 
250 231 230 
249 250 230 
251 232 231 
250 251 231 
233 234 254 
242 233 254 
234 235 255 
254 234 255 
235 236 256 
255 235 256 
236 252 257 
256 236 257 
237 238 258 
240 237 258 
238 241 259 
258 238 259 
239 240 260 
240 258 260 
243 239 260 
241 242 261 
259 241 261 
242 254 262 
261 242 262 
243 260 263 
243 263 245 
264 247 246 
264 245 263 
244 245 264 
264 246 244 
265 248 247 
264 265 247 
266 249 248 
265 266 248 
267 250 249 
266 267 249 
268 251 250 
267 268 250 
252 253 271 
257 252 271 
253 269 272 
271 253 272 
254 255 273 
262 254 273 
255 256 274 
273 255 274 
256 257 275 
274 256 275 
257 271 276 
275 257 276 
258 259 277 
259 261 277 
258 277 260 
263 260 278 
260 277 278 
261 262 279 
262 273 279 
261 279 277 
263 278 280 
263 280 264 
281 265 264 
280 281 264 
282 266 265 
281 282 265 
283 267 266 
282 283 266 
284 268 267 
283 284 267 
269 270 287 
272 269 287 
270 285 288 
287 270 288 
271 272 289 
276 271 289 
272 287 290 
289 272 290 
273 274 291 
274 275 291 
273 291 279 
275 276 292 
276 289 292 
275 292 291 
277 279 293 
277 293 278 
280 278 293 
279 291 294 
293 279 294 
293 295 280 
296 281 280 
295 296 280 
297 282 281 
296 297 281 
298 283 282 
297 298 282 
299 284 283 
298 299 283 
285 286 302 
288 285 302 
286 300 303 
302 286 303 
287 288 304 
290 287 304 
288 302 305 
304 288 305 
289 290 306 
290 304 306 
289 306 292 
291 292 307 
291 307 294 
292 306 308 
307 292 308 
307 309 294 
293 294 309 
309 295 293 
310 296 295 
309 310 295 
311 297 296 
310 311 296 
312 298 297 
311 312 297 
313 299 298 
312 313 298 
300 301 315 
303 300 315 
301 314 316 
315 301 316 
302 303 317 
305 302 317 
303 315 318 
317 303 318 
304 305 319 
305 317 319 
304 319 306 
306 319 320 
308 306 320 
321 309 307 
321 307 308 
308 320 321 
322 310 309 
321 322 309 
323 311 310 
322 323 310 
324 312 311 
323 324 311 
325 313 312 
324 325 312 
316 314 326 
314 327 326 
315 316 328 
318 315 328 
316 326 329 
328 316 329 
317 318 330 
318 328 330 
317 330 319 
319 330 331 
320 319 331 
331 332 320 
332 321 320 
333 322 321 
332 333 321 
334 323 322 
333 334 322 
335 324 323 
334 335 323 
336 325 324 
335 336 324 
329 326 337 
327 338 326 
326 338 337 
327 339 338 
328 329 340 
329 337 340 
328 340 330 
330 340 341 
331 330 341 
342 332 331 
342 331 341 
343 333 332 
342 343 332 
344 334 333 
343 344 333 
345 335 334 
344 345 334 
346 336 335 
345 346 335 
337 348 340 
337 338 349 
337 349 348 
339 347 350 
338 339 350 
338 350 349 
340 348 351 
341 340 351 
348 352 351 
341 351 353 
353 342 341 
354 343 342 
353 354 342 
355 344 343 
354 355 343 
356 345 344 
355 356 344 
357 346 345 
356 357 345 
347 358 359 
350 347 359 
348 349 360 
348 360 352 
350 359 361 
349 350 361 
349 361 360 
352 360 362 
352 362 363 
363 353 351 
363 351 352 
364 354 353 
363 364 353 
365 355 354 
364 365 354 
366 356 355 
365 366 355 
367 357 356 
366 367 356 
358 368 369 
359 358 369 
359 369 370 
361 359 370 
361 370 371 
360 361 371 
360 371 362 
371 372 362 
372 363 362 
373 364 363 
373 363 372 
374 365 364 
373 374 364 
375 366 365 
374 375 365 
376 367 366 
375 376 366 
368 377 378 
369 368 378 
369 378 379 
370 369 379 
370 379 380 
371 370 380 
371 380 372 
381 373 372 
372 380 381 
382 374 373 
381 382 373 
383 375 374 
382 383 374 
384 376 375 
383 384 375 
377 385 386 
378 377 386 
378 386 387 
379 378 387 
379 387 388 
380 379 388 
380 388 381 
389 382 381 
389 381 388 
390 383 382 
389 390 382 
391 384 383 
390 391 383 
385 392 393 
386 385 393 
386 393 394 
387 386 394 
387 394 395 
388 387 395 
388 395 396 
388 396 389 
397 390 389 
396 397 389 
398 391 390 
397 398 390 
392 399 400 
393 392 400 
393 400 401 
394 393 401 
394 401 402 
395 394 402 
403 396 395 
395 402 403 
404 397 396 
403 404 396 
405 398 397 
404 405 397 
399 406 407 
400 399 407 
400 407 408 
401 400 408 
401 408 409 
402 401 409 
410 403 402 
402 409 410 
411 404 403 
410 411 403 
412 405 404 
411 412 404 
406 413 414 
407 406 414 
407 414 415 
408 407 415 
408 415 416 
409 408 416 
417 410 409 
409 416 417 
418 411 410 
417 418 410 
419 412 411 
418 419 411 
413 420 421 
414 413 421 
414 421 422 
415 414 422 
415 422 423 
416 415 423 
424 417 416 
416 423 424 
425 418 417 
424 425 417 
426 419 418 
425 426 418 
420 427 428 
421 420 428 
421 428 429 
422 421 429 
422 429 430 
423 422 430 
431 424 423 
423 430 431 
432 425 424 
431 432 424 
433 426 425 
432 433 425 
427 434 435 
428 427 435 
428 435 436 
429 428 436 
429 436 437 
430 429 437 
438 431 430 
430 437 438 
439 432 431 
438 439 431 
440 433 432 
439 440 432 
434 441 442 
435 434 442 
435 442 443 
436 435 443 
436 443 444 
437 436 444 
445 438 437 
437 444 445 
446 439 438 
445 446 438 
447 440 439 
446 447 439 
441 448 449 
442 441 449 
442 449 450 
443 442 450 
443 450 451 
444 443 451 
452 445 444 
444 451 452 
453 446 445 
452 453 445 
454 447 446 
453 454 446 
448 455 456 
449 448 456 
449 456 457 
450 449 457 
450 457 458 
451 450 458 
459 452 451 
451 458 459 
460 453 452 
459 460 452 
461 454 453 
460 461 453 
455 462 463 
456 455 463 
456 463 464 
457 456 464 
457 464 465 
458 457 465 
466 459 458 
458 465 466 
467 460 459 
466 467 459 
468 461 460 
467 468 460 
462 469 470 
463 462 470 
463 470 471 
464 463 471 
464 471 472 
465 464 472 
473 466 465 
465 472 473 
474 467 466 
473 474 466 
475 468 467 
474 475 467 
469 476 477 
470 469 477 
470 477 478 
471 470 478 
471 478 479 
472 471 479 
480 473 472 
472 479 480 
481 474 473 
480 481 473 
482 475 474 
481 482 474 
476 483 484 
477 476 484 
477 484 485 
478 477 485 
478 485 486 
479 478 486 
487 480 479 
479 486 487 
488 481 480 
487 488 480 
489 482 481 
488 489 481 
483 491 492 
484 483 492 
484 492 493 
485 484 493 
485 493 494 
486 485 494 
495 487 486 
486 494 495 
496 488 487 
495 496 487 
497 489 488 
496 497 488 
490 498 499 
500 490 499 
498 501 499 
491 502 503 
492 491 503 
492 503 504 
493 492 504 
493 504 505 
494 493 505 
506 495 494 
494 505 506 
507 496 495 
506 507 495 
508 497 496 
507 508 496 
498 509 501 
510 500 514 
514 500 499 
514 499 501 
501 509 515 
501 515 516 
501 516 514 
502 513 517 
503 502 517 
503 517 518 
504 503 518 
504 518 519 
505 504 519 
520 506 505 
505 519 520 
521 507 506 
520 521 506 
522 508 507 
521 522 507 
509 524 515 
515 524 523 
511 510 525 
525 510 514 
512 511 526 
526 511 525 
513 512 527 
517 513 527 
527 512 526 
525 514 528 
528 514 516 
515 523 529 
516 515 529 
528 516 529 
529 523 530 
517 527 531 
518 517 531 
518 531 532 
519 518 532 
533 520 519 
519 532 533 
534 521 520 
533 534 520 
535 522 521 
534 535 521 
523 536 530 
524 537 523 
523 537 536 
526 525 538 
538 525 528 
527 526 539 
531 527 539 
539 526 538 
538 528 540 
529 530 540 
540 528 529 
530 536 541 
530 541 540 
531 539 542 
532 531 542 
543 533 532 
532 542 543 
544 534 533 
543 544 533 
545 535 534 
544 545 534 
536 546 541 
537 547 536 
536 547 546 
541 546 548 
539 538 549 
542 539 549 
549 538 540 
541 548 550 
541 550 540 
549 540 550 
550 548 551 
552 543 542 
552 542 549 
553 544 543 
552 553 543 
554 545 544 
553 554 544 
546 555 548 
547 556 546 
546 556 555 
548 555 557 
548 557 551 
550 551 558 
558 552 549 
549 550 558 
559 558 551 
551 557 559 
560 553 552 
558 560 552 
561 554 553 
560 561 553 
555 562 557 
556 563 555 
555 563 562 
557 562 564 
557 564 559 
565 560 558 
565 558 559 
565 559 564 
566 561 560 
565 566 560 
562 567 564 
563 568 562 
562 568 567 
569 565 564 
564 567 569 
570 566 565 
569 570 565 
567 571 569 
568 572 567 
567 572 571 
573 570 569 
573 569 571 
572 574 571 
574 573 571 
