0 -0.0080000000000000002 
0 -0.01 
0 -0.0060000000000000019 
0.0014397914485301782 -0.0085805109041420247 
0.0016623441784242006 -0.006982455214636629 
0.0022015696548051997 -0.009999999999999995 
0 -0.0040000000000000053 
0.0017353559531134795 -0.0050430336010142138 
0 -0.0020000000000000104 
0 -1.5612511283791264e-017 
0 0.001999999999999981 
0 0.0039999999999999775 
0.0034107940279858163 -0.0082941143124489226 
0.0035025132468579521 -0.0062049522122991276 
0.0048469110791842336 -0.009999999999999995 
0.0017682392018226027 -0.0029996196131905086 
0.003479039091576121 -0.0040711745659590135 
0.0018024277659864805 -0.00097235273957165024 
0.0016665371218584431 0.00090150329796380825 
0.00158570185862559 0.0029425654608377957 
0 0.0059999999999999741 
0.0014925015471834221 0.0047623198936462717 
0 0.0079999999999999707 
0.0050887762585943184 -0.0050624419332262176 
0.0060911002471294535 -0.0072541266978496379 
0.0080179042499431939 -0.009999999999999995 
0.0036440855231028974 -0.0019100134812227022 
0.0052264964996388561 -0.0032211306963759096 
0.003735704749134941 0.00017401335901952861 
0.0030351725497268153 0.0020605596479963718 
0.0033380120369405704 0.0039719828706675751 
0.0015161881708170941 0.006765146933213559 
0.0028436578460076141 0.0056358550742916869 
0.0013524199416656726 0.0084882155406352314 
0 0.01 
0.011755303826082347 -0.009999999999999995 
0.0077949592343530497 -0.0043257637570209987 
0.010021070620837737 -0.006799336066448643 
0.0063058352859322493 -0.00083969632130254394 
0.0087591853369480121 -0.0017807534362162386 
0.0056256921364848805 0.0023586851527018417 
0.0050453846118431352 0.0054778580523169923 
0.0034977803668232261 0.0078402518375056268 
0.002201569654805201 0.0099999999999999915 
0.015782939526065229 -0.009999999999999995 
0.013775629754672144 -0.0065701380503916428 
0.011602004447352892 -0.0028541671499473687 
0.0096692528758830013 0.00054788829463234441 
0.0081070965054593908 0.0046779132262190042 
0.0065875778698939839 0.0075210498252176487 
0.0048469110791842362 0.0099999999999999915 
0.01981059919365151 -0.009999999999999995 
0.017765706162539346 -0.0066170644838217428 
0.01572680477978641 -0.003150143162170682 
0.013715116089961859 0.00031429054950994054 
0.011804373862836247 0.0037758662488976535 
0.010010390406110722 0.0071302758352642798 
0.0080179042499431887 0.0099999999999999915 
0.023838258861237794 -0.009999999999999995 
0.021785293571030134 -0.0066458012562153335 
0.019755212441332576 -0.003293795090475803 
0.017747168255298165 0.00012003482542943281 
0.015741092318614452 0.0034462642402182633 
0.013790089343499047 0.0068068310475509338 
0.011755303826082341 0.0099999999999999933 
0.027865918528824078 -0.009999999999999995 
0.025828181322566562 -0.0066432595907669782 
0.023803074089003676 -0.0032998683462207973 
0.021783494714418483 4.5903577514123387e-005 
0.019780306718223454 0.0034005864015793537 
0.017784232142806659 0.0067216541290271992 
0.015782939526065232 0.0099999999999999915 
0.031893578196410366 -0.009999999999999995 
0.029868089320060812 -0.0066499505264826968 
0.027843042473601119 -0.0033047599952552645 
0.025825178807964786 3.3969549087696406e-005 
0.023814544621352383 0.0033720906469292124 
0.02181130825685056 0.0066975709903578937 
0.019810599193651506 0.0099999999999999915 
0.035921237863996647 -0.009999999999999995 
0.033900752891957514 -0.0066533506693258887 
0.031877111564502375 -0.0033103775268499658 
0.029859649039625135 2.7765747091886093e-005 
0.027847267909787917 0.0033626856644670185 
0.025840746708807757 0.0066877491835931431 
0.02383825886123778 0.0099999999999999915 
0.039948897531582934 -0.009999999999999995 
0.037927810538802717 -0.0066616004606018164 
0.035907155262446748 -0.0033186251107201088 
0.033889547910988818 2.2815138719348252e-005 
0.031876564857570809 0.0033588955877354404 
0.029869659700461109 0.0066844297182269167 
0.027865918528824054 0.0099999999999999915 
0.043976557199169222 -0.009999999999999995 
0.041956608758256221 -0.0066674362424364864 
0.039935856182848485 -0.0033281280002392089 
0.037917881397067983 1.5408608607927214e-005 
0.035900219731406779 0.0033586091676496058 
0.033897125997584036 0.0066821176786732482 
0.031893578196410324 0.0099999999999999915 
0.048004216866755503 -0.009999999999999995 
0.045986081121631127 -0.0066703468848067085 
0.043966029733983433 -0.003336348453823692 
0.041947952755652052 6.1563746519448844e-006 
0.03992816227878148 0.003347331408406496 
0.037923970224502279 0.0066782471736504317 
0.035921237863996598 0.0099999999999999915 
0.052031876534341791 -0.009999999999999995 
0.050015141318785282 -0.0066710407130159176 
0.047997394072925532 -0.0033368750934419031 
0.045979189601611958 -1.6813098219937751e-008 
0.0439629799064577 0.0033378505690889707 
0.041950288040746554 0.0066751579344821897 
0.039948897531582872 0.0099999999999999915 
0.056059536201928085 -0.009999999999999995 
0.054043458939267909 -0.0066703151829731492 
0.0520274011388209 -0.0033363844843853408 
0.050011194998661058 -7.0977889615467368e-007 
0.047995426550377883 0.0033351408215192748 
0.045983403084396746 0.0066698197491625892 
0.043976557199169146 0.0099999999999999915 
0.060087195869514373 -0.009999999999999995 
0.058071281266008412 -0.0066687677890396304 
0.056056202055210502 -0.003334487548735679 
0.054041434580149948 2.7147178437159081e-007 
0.052027026512514618 0.0033347761671475786 
0.050014209263052334 0.0066688950837468968 
0.04800421686675542 0.0099999999999999915 
0.064114855537100668 -0.009999999999999995 
0.062098916270777481 -0.00666686549537611 
0.060084349482916105 -0.0033318216525777783 
0.058070278208010133 2.931629371215624e-006 
0.056056532483207321 0.003336980029689417 
0.054043580151851456 0.0066702198271856123 
0.052031876534341694 0.0099999999999999915 
0.068142515204686963 -0.009999999999999995 
0.066126385496793019 -0.0066647721216300882 
0.064112231733275668 -0.0033288440965365813 
0.062098636885302018 5.8677875016721294e-006 
0.060085095416571373 0.0033399583155747752 
0.058072080429299032 0.0066721829702989172 
0.056059536201927961 0.0099999999999999915 
0.072170174872273243 -0.009999999999999995 
0.070152550325063193 -0.0066628169633041294 
0.068139040650663729 -0.003326646763194204 
0.066126689074736497 9.5165164165729108e-006 
0.064113242499403894 0.0033432185724868867 
0.062100035121980861 0.0066740270451525717 
0.060087195869514234 0.0099999999999999915 
0.076197834539859538 -0.009999999999999995 
0.074174931273371159 -0.0066596527253696552 
0.072162963645182404 -0.0033246666881166964 
0.070155414647085496 1.4191997772466669e-005 
0.068141636124756932 0.0033480191329111546 
0.06612795630487743 0.0066762689676883383 
0.064114855537100501 0.0099999999999999915 
0.080225494207445833 -0.009999999999999995 
0.078191912746077674 -0.0066547882350209402 
0.076182590350201376 -0.0033055830996046487 
0.074185768347558065 1.1382674926509867e-005 
0.07217052074708441 0.0033586744701852417 
0.070156197087486175 0.0066812915511258947 
0.068142515204686768 0.0099999999999999915 
0.084253153875032114 -0.009999999999999995 
0.082258478991552572 -0.006597504588077229 
0.080237959547207749 -0.003228131427574386 
0.07821218983990251 9.6268427789601249e-005 
0.076199007929102877 0.0033978235405963193 
0.074184942315105848 0.0066959831907108039 
0.072170174872273035 0.0099999999999999915 
0.088280717391482813 -0.009999999999999995 
0.086309491621251969 -0.0065812067904160373 
0.084347630991597533 -0.0031130628033621218 
0.082242318657899424 0.00021076975630650055 
0.080225494207445569 0.0034913491220873124 
0.0782168070306936 0.0067326378203883134 
0.076197834539859302 0.0099999999999999915 
0.10000000000000001 -0.01 
0.10196213647663517 -0.0099357649049937758 
0.10391588851221999 -0.009743332314316476 
0.092013140927579604 -0.009999999999999995 
0.095178988660695227 -0.009999999999999995 
0.097820036294037932 -0.009999999999999995 
0.090213914320741107 -0.0067660753143852 
0.088802646659068674 -0.0028997790629215099 
0.08623827082485519 0.00041951483859280236 
0.084194006514842559 0.003599979206660981 
0.082240925040919427 0.0067699604199795548 
0.080225494207445569 0.0099999999999999915 
0.10585287131757122 -0.0094235262560412886 
0.098990603596803339 -0.007948651634841309 
0.10105301949120432 -0.0080693751609949606 
0.10292628942394984 -0.0080379494421040556 
0.10469087617675504 -0.0079207095628503772 
0.093661248439055128 -0.0069287843511505517 
0.09636884333938045 -0.0074771004163274538 
0.092525428645278379 -0.0041149760836981381 
0.092085431466196452 -0.0011138040282095097 
0.0898983587435601 0.00097115674102763458 
0.088047604175746363 0.0038402356430260382 
0.086171248680123144 0.0068693985703621903 
0.084253153875031836 0.0099999999999999915 
0.10776479321848893 -0.008977715339103378 
0.10964346726991676 -0.0084078077122125578 
0.10650609313044924 -0.007582584766029148 
0.1002780795001844 -0.0062961022871475458 
0.098353516884233022 -0.0058586402000820083 
0.10215166148904312 -0.0062535078117539715 
0.10384398705505705 -0.0063290884854991028 
0.10535595009687711 -0.006488020773430872 
0.096105329202054751 -0.0040540669168364039 
0.094946666133312513 -0.0014224605157733068 
0.093442505292168437 0.0013995889949309161 
0.091772495289512077 0.0041748541101528577 
0.090011827541823741 0.0070071550503473211 
0.088280717391482799 0.0099999999999999915 
0.11148085123022403 -0.0077162417190618157 
0.1132690063747978 -0.0069060117785147588 
0.10812448243674933 -0.0070433924402167145 
0.10986655271835524 -0.0065350723812521517 
0.1150003150143267 -0.0059805802373804548 
0.11666739193967218 -0.0049438979698312067 
0.10672774256567664 -0.0057284482354186426 
0.098579420164329107 -0.0037566806527540406 
0.10124480749740034 -0.0049365358918013399 
0.099874867941253651 -0.004709902547527252 
0.10295599358239169 -0.0044316418369206812 
0.10501909170240656 -0.0048833900599781497 
0.097983222780472112 -0.0017521573831723687 
0.097304988009514426 0.001359486335764145 
0.095743311395518921 0.0045902992988165131 
0.093497985028215755 0.007236841768800511 
0.09201314092757959 0.0099999999999999915 
0.11826309841295866 -0.0038004041217494103 
0.11978060135968176 -0.0025549952305327726 
0.12121340259158851 -0.0012130042777345718 
0.12255536664086425 0.00021982215205869403 
0.11168544367753723 -0.005779278389060203 
0.11333717210983421 -0.0049693693736445931 
0.1084789618842165 -0.0049283113745526843 
0.1102740454449799 -0.0048048672618002906 
0.11500475680708459 -0.0039600087912994558 
0.11646766686887022 -0.0029890482744496577 
0.10683656467738722 -0.0035245453861749137 
0.10091851566012139 -0.0027015537058513233 
0.10415953288819782 -0.002411794588793776 
0.099914141783526714 -4.9998197420630534e-005 
0.10021525559836796 0.0021710227823049113 
0.098900373481749376 0.0040920102428604315 
0.098079787018513415 0.0062747281807236186 
0.096268146354164891 0.0076487421534863938 
0.095178988660695255 0.0099999999999999915 
0.12380074703813297 0.0017373484831253213 
0.12494421092388905 0.0033330764271106688 
0.11798987436471758 -0.0017843500126567874 
0.11935347015963198 -0.00065021491582055728 
0.12067946817278324 0.00069705108790370782 
0.12190599208450136 0.002047280684433874 
0.1116572738310211 -0.0037740173024085407 
0.11346600798249087 -0.0032930880635724307 
0.10948003865684383 -0.002698832939358191 
0.11468833370341984 -0.0019795456318183018 
0.11638637204727181 -0.0012964665472880777 
0.10682754538484918 -0.00090752135203916659 
0.10329018392321841 0.00091456300947655666 
0.10191267872792051 0.0041336361486793375 
0.10029369492222219 0.0062664142203525267 
0.098865385321098134 0.0081320983855406835 
0.097820036294037904 0.0099999999999999915 
0.12598086188783778 0.0050001728154922404 
0.12690626093817711 0.0067314988666117813 
0.1230122909605794 0.0035684462714601823 
0.12400278640508512 0.0050693504545503308 
0.11744657804383932 0.00011089425956377241 
0.1190835891591112 0.00094877409148975749 
0.11992850554859874 0.0024922721975675676 
0.12142873308645399 0.0036049773531150967 
0.11225054045846605 -0.0012073134768258514 
0.10955310321773962 -0.00014226843090100815 
0.11495014948619146 0.0006144642866487399 
0.10759190320043376 0.0025463026406439739 
0.10478020779069253 0.0045390397654081621 
0.10281703049866119 0.0065895521111069867 
0.1012286469050056 0.0083367083543796749 
0.10000000000000001 0.01 
0.12771644551098432 0.0085196407618648145 
0.12840794643806128 0.010356941399522639 
0.12493404668912912 0.0067505772691195563 
0.12576145356408613 0.0083308051121033788 
0.12200890188623538 0.0053179043386320434 
0.12330737007938229 0.0065685244325668713 
0.11742177059371084 0.0026134027469823318 
0.11953968637195944 0.0049986586495033352 
0.11166655451526875 0.0023786257890189991 
0.11472787097112036 0.0035095255120050767 
0.10994392813801096 0.0050720707977695376 
0.10740040545101363 0.0060653421152811488 
0.1052359160385334 0.0074609138655036822 
0.10344481358219496 0.0088400274946249559 
0.10195095710585707 0.010192157914652895 
0.12897780280058882 0.012235533189575154 
0.1294235746056652 0.01414737175067003 
0.12646373916418477 0.01013120932736288 
0.12703511267461784 0.011753732398552924 
0.12371323417753248 0.0083427665309270468 
0.12485494782151715 0.0097429067957780224 
0.12124118534611768 0.007685778522454857 
0.11627601457515534 0.0056192302320980719 
0.11837094287588756 0.0075591948821002678 
0.11295221423153595 0.0060488573394687313 
0.11000989504895672 0.0077457231606722901 
0.10750509381469116 0.0087125559730193303 
0.10549940547490165 0.009719626923116122 
0.10382695041007464 0.010761252760312714 
0.12974335323093372 0.016084270364299387 
0.12750454141371939 0.013651928177238534 
0.12779454059325707 0.015301426253642206 
0.12496321699061415 0.011510160895236527 
0.12594896720166254 0.01304346409608929 
0.12253130433151907 0.010632029263370951 
0.11911998690621596 0.010303532310613867 
0.11567784117998939 0.0091887746958312054 
0.11222945158445817 0.0096080480333924183 
0.10953019256574553 0.010303081854379309 
0.10735474830899604 0.010980647919163441 
0.10555579731322401 0.011685367343389569 
0.12791346287476665 0.017293296839295768 
0.12993576960046058 0.018037935162095384 
0.12579482386337379 0.014823282501899857 
0.12648950346704241 0.016398415426413814 
0.12357950791692209 0.0136741684304459 
0.12028368441569992 0.012875306905799541 
0.11703258500661237 0.012504680516311439 
0.11396429912433398 0.012127028613549815 
0.11124226735618753 0.012234822536453157 
0.10895979708467803 0.012545036540504562 
0.10707113419719615 0.012928998574088468 
0.12600860512411563 0.018092341025096985 
0.12794765573550251 0.019085131824149455 
0.13 0.019999999999999997 
0.12410482152227241 0.016595555772250647 
0.12101814983706384 0.015527024302108545 
0.11803891477226125 0.015107599688923239 
0.11516016554774623 0.014697540602972186 
0.11252390922701794 0.014447572221650447 
0.11024600484000725 0.014378139636309642 
0.10831473697462964 0.01444435880903687 
0.13 0.022179963705962043 
0.12381645517034408 0.018917905856236018 
0.12574603849742236 0.020091610026294286 
0.12775600198576634 0.021228576630982945 
0.12143427284334353 0.018022344903487243 
0.12203132586378007 0.019945722183721228 
0.11883513194681929 0.017650899373686 
0.11602325055347051 0.017199756994873104 
0.11337803460278131 0.016798605582525071 
0.11119730894546263 0.016423393789296858 
0.1092388151703281 0.016173213587288248 
0.13 0.024821011339304738 
0.12754874718203546 0.023652706149903363 
0.12353378462048045 0.020982386081936543 
0.12529137764835813 0.022363049383836767 
0.12162941657337625 0.021485138532759077 
0.1197462043770751 0.020323774460969606 
0.11676288960764319 0.019736404950139126 
0.11406361005010919 0.019174530947003072 
0.11169629016678978 0.018602757996299346 
0.10980785820188836 0.018049123916890002 
0.13 0.027986859072420343 
0.12727467141218518 0.026525240624525652 
0.12477270995550986 0.024888679481190185 
0.12270442349211849 0.023156630572368286 
0.12013328661810539 0.023018957605856538 
0.11743789138470259 0.022444296739331328 
0.11468705994883298 0.021719629082921004 
0.11209023461239877 0.020880345214948762 
0.11 0.02 
0.13 0.031719282608517155 
0.12708860652878143 0.029936201356225819 
0.12411785139151425 0.02800730720366083 
0.12169918860684747 0.025627142952846248 
0.11839606330113596 0.025502403869407306 
0.1152955388351794 0.024625166909501658 
0.11247219520296464 0.023457029736602072 
0.10999999999999999 0.022179963705962039 
0.13 0.035746846124968062 
0.12678354234522599 0.033710566503136849 
0.12360710695595441 0.031728393900178072 
0.12007007677110133 0.029199195204444105 
0.11601686626810789 0.028111942896298498 
0.11276410190235159 0.026515557280942518 
0.10999999999999997 0.02482101133930472 
0.13 0.039774505792554329 
0.12670600870611073 0.03774357383148131 
0.12341970814372914 0.035713012053508048 
0.12005008282160894 0.033635039962143988 
0.11656058912829405 0.031737233800202831 
0.1128975943695094 0.030073303056051662 
0.10999999999999997 0.027986859072420333 
0.13 0.04380216546014061 
0.12667735588414597 0.041772378381015475 
0.1233562567384765 0.039744133975411496 
0.12001529143502404 0.037716369007048244 
0.11662772449555052 0.035716035807482609 
0.1131560624983855 0.033742772205947014 
0.10999999999999997 0.031719282608517148 
0.13 0.047829825127726891 
0.12666857801786249 0.045799414467958759 
0.12333379288542605 0.043770957777298988 
0.12000331885211259 0.04175486357862155 
0.11665827293711989 0.039741280470918079 
0.11332608829289635 0.037723524256987197 
0.10999999999999997 0.035746846124968049 
0.13 0.051857484795313172 
0.12666639504138924 0.049829486264661736 
0.12333149154518219 0.047801844437899615 
0.11999620344717646 0.045783822488400683 
0.11666023540261634 0.043772913739025053 
0.11332871506209623 0.041768825484353587 
0.10999999999999997 0.039774505792554329 
0.13 0.055885144462899453 
0.12666628419029372 0.053858320817187284 
0.12333131461440312 0.051831400909208798 
0.11999604812823091 0.049815930289615375 
0.11666093743369152 0.047803739093237776 
0.11332769373994493 0.045798563186496277 
0.10999999999999997 0.04380216546014061 
0.13 0.059912804130485733 
0.12666681409393254 0.057886665173365576 
0.1233318184075699 0.055860628805134968 
0.11999626644593815 0.053845077390457047 
0.11666128962606614 0.051832852555280175 
0.11332908965739184 0.049827209287781497 
0.10999999999999997 0.047829825127726898 
0.13 0.063940463798072014 
0.12666751480501812 0.061915264024229012 
0.12333250799589975 0.059892225307016399 
0.11999656011355603 0.057871606411373289 
0.11666056778580282 0.055858045372129628 
0.11332912090220071 0.053855764666733988 
0.10999999999999999 0.051857484795313179 
0.13 0.067968123465658295 
0.12666813761781018 0.06594430444335965 
0.12333352025756639 0.063921279651518864 
0.11999770534614193 0.061901272027786843 
0.11666194591836115 0.05988751708664692 
0.11332998339671474 0.057884426214646595 
0.10999999999999997 0.05588514446289946 
0.13 0.071995783133244576 
0.12666856944293722 0.069973302208431759 
0.12333521270157183 0.067950300339691322 
0.11999880620297332 0.065932163472664618 
0.1166634021196527 0.0639172412874809 
0.1133297990510188 0.061910997567891458 
0.10999999999999997 0.059912804130485733 
0.13 0.076023442800830857 
0.12666887577495842 0.074001851363853774 
0.1233354404709876 0.071980718621633286 
0.12000004535767828 0.069959847343944517 
0.11666295143522891 0.067943040185565309 
0.11332979113021348 0.065938608390976844 
0.10999999999999997 0.063940463798072014 
0.13 0.080051102468417124 
0.1266693928220021 0.0780295390012231 
0.12333633689254976 0.076009527794056495 
0.1200021986609137 0.073990269340869497 
0.11666471411305314 0.071976306142615951 
0.11332781312833888 0.069963861855091139 
0.10999999999999997 0.067968123465658309 
0.13 0.084078762136003418 
0.12667021721583624 0.082056622683359351 
0.12333728355230388 0.080037383089068076 
0.12000313569532027 0.078019260912354907 
0.11666534229225317 0.07600509245482967 
0.11332947951814802 0.073996233298963252 
0.10999999999999997 0.07199578313324459 
0.13 0.088106421803589699 
0.12667085548381621 0.086084222441556127 
0.12333819626587457 0.084065122476815746 
0.1200043369597109 0.082047172592418255 
0.11666773315928108 0.080034746915934846 
0.11333061967515418 0.078025817240716319 
0.10999999999999997 0.07602344280083087 
0.13 0.09213408147117598 
0.12667154944715417 0.090113014880169137 
0.12333890314912908 0.088093824642504079 
0.12000443221290619 0.086077149925895616 
0.1166692590136711 0.084063676357629999 
0.11333318977202676 0.082054134701976242 
0.10999999999999996 0.080051102468417137 
0.13 0.12000000000000001 
0.13 0.096161741138762261 
0.12667466842972472 0.094142486234760001 
0.12334071091728015 0.092123379270358866 
0.12000486683339524 0.090105688263670047 
0.11667029789422093 0.088088872613811847 
0.11333456867802034 0.086082575214700405 
0.10999999999999997 0.084078762136003432 
0.12800000000000025 0.12 
0.12846939023257486 0.11860686140039155 
0.13 0.11779843034519479 
0.1267818153625411 0.11843455661552087 
0.13 0.10018940080634854 
0.12668516996199999 0.098171363777194501 
0.12334921983653939 0.096153533165737104 
0.1200057932728071 0.094133902766975169 
0.11667053218053215 0.092117717302660843 
0.11333479842635814 0.090107742539133298 
0.10999999999999997 0.088106421803589713 
0.12600000000000022 0.11999999999999998 
0.13 0.11515308892081576 
0.13 0.1119820957500568 
0.13 0.10824469617391766 
0.13 0.10421706047393482 
0.12785210808428732 0.1164534894109433 
0.12477536119465013 0.11840309936759312 
0.12559403266373376 0.11714388951419735 
0.12672838508137896 0.10219304424824889 
0.12335870599103015 0.10018804317004121 
0.12002383956838078 0.098175056189582013 
0.11667202557778758 0.096140947333192034 
0.11333540789027474 0.094137909352731489 
0.10999999999999999 0.09213408147117598 
0.12293208146697493 0.11836717566849116 
0.12400000000000019 0.11999999999999998 
0.12741704864081119 0.11332189616652551 
0.12719827067217529 0.11001878821897929 
0.12685284831837082 0.10618188990115464 
0.12535600974770569 0.11484592343245859 
0.12389827022140606 0.11658653633768379 
0.12204619470001048 0.11692001506542865 
0.12347358621687282 0.10421050736081951 
0.12005822734669819 0.10220329899050064 
0.11667828817327379 0.10017795964213611 
0.11333497525595239 0.098166269617047677 
0.10999999999999997 0.096161741138762274 
0.12092374564561215 0.11829025133260156 
0.12200000000000016 0.11999999999999997 
0.12435712384757532 0.11190987814226529 
0.12369871782143876 0.10820968170266691 
0.12227775368342739 0.11441262860070228 
0.12016642105973485 0.11622918010150206 
0.12012977385158162 0.10628744244516111 
0.11667404801191544 0.10422063107445535 
0.11332494574108541 0.10219353407265468 
0.10999999999999997 0.10018940080634854 
0.11905119012947929 0.11817228562438024 
0.12000000000000013 0.11999999999999998 
0.11816549348330171 0.11631619040574294 
0.12018070402205676 0.11064958414762169 
0.11901129200185152 0.11390365355744128 
0.1169712231082853 0.1147863818117956 
0.1165973348532086 0.1082826603596389 
0.11326347358050609 0.10619265053154538 
0.10999999999999997 0.10421706047393484 
0.11705148058822668 0.118198091906435 
0.1180000000000001 0.11999999999999997 
0.11607686257536708 0.11647045753124384 
0.11627380470500623 0.11231293727104613 
0.11522297290280101 0.11477304345372283 
0.11306141754951163 0.11002920411433341 
0.10999999999999997 0.10824469617391766 
0.11501385464820253 0.11822586466099934 
0.11600000000000008 0.11999999999999998 
0.11395013372039361 0.11638178491158019 
0.11283310596231438 0.11359391734291956 
0.10999999999999997 0.11198209575005681 
0.11300465100522762 0.1183048536167372 
0.11400000000000005 0.11999999999999998 
0.11177695905844315 0.11658483039032666 
0.10999999999999997 0.11515308892081577 
0.11139849635823547 0.11858374442644964 
0.11200000000000002 0.11999999999999998 
0.10999999999999997 0.11779843034519479 
0.11000000000000001 0.12000000000000001 
