0.098428868584042428 0.024747540279919666 
0.098993115052492073 0.021830049676717058 
0.099433030989254184 0.018891243312679502 
0.097741308211407515 0.027638456899828089 
0.096931674673992982 0.030497583402312716 
0.095635095093810144 0.025590873525817476 
0.096237143411058865 0.022790713421067445 
0.099747824406246161 0.015936412266298019 
0.099936927766788128 0.012970881105507155 
0.096720061117887599 0.019967450392453779 
0.097083197083658188 0.017126396508598655 
0.10000000000000001 0.01 
0.099936928831759073 0.0070291439648704117 
0.099747827755166329 0.0040636270808137274 
0.099433031458067644 0.0011087603483547533 
0.096001426130677137 0.033319771626599819 
0.094952236954638863 0.036099940892432056 
0.094914433556659128 0.028362973339792163 
0.094076128516963606 0.031102407132790513 
0.092905054949953547 0.026340145360796208 
0.09354141598290526 0.023655103446482542 
0.094062898764252556 0.020945281950357109 
0.097325632522560046 0.014272717017154232 
0.097447091114287343 0.011411232084423699 
0.094469468564255712 0.018215605999527245 
0.094760614509009689 0.015471505175283992 
0.097443155600112255 0.0085471988103754098 
0.097321363712906631 0.0056855820258114205 
0.097077265209460917 0.0028322964051747009 
0.098993105399013515 -0.0018301059758826293 
0.096713281156207476 -7.3134552998951555e-006 
0.09842884894141668 -0.0047476314217834714 
0.093785999820935328 0.038833075223493559 
0.092504817890582375 0.041514246626964332 
0.093121611737043974 0.033804493739453392 
0.092052772437225941 0.036464149805662406 
0.092154217508742919 0.028996352537339509 
0.091290022407940111 0.03161993228847039 
0.090225340912599775 0.026996196934651703 
0.090893157287765078 0.024424116963332496 
0.091450046712293023 0.021826351876576323 
0.091895970970127736 0.019206730916216757 
0.094935075348092424 0.012717952003678904 
0.094991256040642721 0.0099595566940525754 
0.092231033415289265 0.016570403799864967 
0.092454754282254761 0.013922962708797932 
0.094929925097542223 0.0072009726570622231 
0.094753716492768356 0.0044470919926972502 
0.09445559509311853 0.0017057514396854826 
0.097741288203106347 -0.0076385337424538513 
0.096931658892280614 -0.010497634934972223 
0.096230694722922991 -0.0028281808123007232 
0.094050191113041678 -0.0010210671699189609 
0.09562863954211348 -0.0056254299263791552 
0.096001408184871476 -0.013319822418148561 
0.094952216869316985 -0.01609999087664999 
0.091110998021319931 0.044138627987050594 
0.089607049161521388 0.04670149438723132 
0.090872138262000315 0.039075747396005438 
0.089582574762431602 0.041633746628841138 
0.090314357424064684 0.034206187889028843 
0.089229844901283481 0.036748878513946676 
0.089447426495739515 0.029539807813263982 
0.088561207105496975 0.032051356994383808 
0.087586151991540018 0.02756029072398317 
0.08828179188157291 0.025098792199010612 
0.088871065275387851 0.022611833479588155 
0.089353148864660378 0.020101499521006275 
0.089728131648165385 0.017572041824899694 
0.092565389686064717 0.011269198568580267 
0.092561840103711227 0.0086132748503708213 
0.089996381119243976 0.015029116562652807 
0.090157711463979995 0.012478296947754632 
0.092445212061940896 0.00595968146027281 
0.092216145700995289 0.0033138729468254638 
0.091877484643499374 0.00068112943608502794 
0.094907869644083223 -0.0083948222046554295 
0.094069509485529543 -0.011131746882875758 
0.093528158236455508 -0.003726105057757148 
0.091433098462357629 -0.0019339804952349029 
0.092891503977605247 -0.0064060542139539288 
0.093785977632366221 -0.018833124310127722 
0.092504793638723826 -0.021514294727639858 
0.093115362947032043 -0.013831436373633236 
0.092047455127207911 -0.016489164781835871 
0.087995686119949873 0.04919821923858602 
0.088186687340207001 0.044133634748693813 
0.086686548774473682 0.046571725109397999 
0.088039550912384856 0.039241307078766587 
0.086746228516333387 0.041678367660275162 
0.087569017965572218 0.034524601850391815 
0.086473599593601111 0.036951646926062613 
0.086785802355403188 0.029994395421679459 
0.085882352332882508 0.032396038754415941 
0.084985093372243359 0.028033530219938981 
0.085703884750749623 0.025679675391275195 
0.086321842637268484 0.023302070197162919 
0.086836851717253014 0.020901030467980693 
0.087248365782752413 0.018478162781373483 
0.087556092757257162 0.016038520389836677 
0.090208194088362573 0.0099241116314199417 
0.090148433754837762 0.0073702775114274305 
0.087762403390330049 0.013588859487901776 
0.087868882203505957 0.011134504569962102 
0.089980979767722388 0.0048211239120690289 
0.089705777909973819 0.0022820038287118421 
0.089325877190248551 -0.00024157614590164262 
0.092141848884847499 -0.0090577062034761669 
0.091278713674026693 -0.011676280620305209 
0.090869186190026874 -0.0045235399816023871 
0.088841561586012807 -0.0027444992690130528 
0.090206140898511089 -0.0070902560834980978 
0.091110971749820982 -0.024138675015187412 
0.09086727415749192 -0.019099944223494463 
0.089576673822468575 -0.021658721951936202 
0.090304421340501206 -0.014257052171775768 
0.089221104202838783 -0.016795447576532039 
0.086279813074776682 0.051624303480877577 
0.085084124962125043 0.048944173406648327 
0.085351878119544589 0.044056939652657223 
0.083858050410227702 0.046374251154644559 
0.085277834456527521 0.039326120381835396 
0.083984102723240875 0.041644791460042171 
0.084877921203722562 0.034756721478929491 
0.083775394302723682 0.037068419033468025 
0.084166886297992696 0.030360180283748036 
0.083250298839897249 0.032651593356800138 
0.082427226387034466 0.028417638494036047 
0.083163983372496059 0.026169280165989846 
0.083806987499307026 0.023897395848123393 
0.084352427799823049 0.021604320264328732 
0.084796229341774956 0.019289422243973658 
0.089607020917738645 -0.026701540258036404 
0.085142172073007602 0.016953463441133187 
0.085382336875392109 0.01460193046211696 
0.087856031130127576 0.0086792816445935405 
0.087749315180407739 0.0062268996068263792 
0.085535417432234584 0.012245200769380217 
0.085582915245624835 0.009886556920811038 
0.087534219189414494 0.0037815309656788923 
0.087215429452005513 0.0013490253205584548 
0.086797143352892014 -0.0010652090878568276 
0.089431319813832719 -0.0096272227180759316 
0.088547375794383057 -0.012130376869433432 
0.088253933833227285 -0.0052241206223626246 
0.086281754647467304 -0.003458146627022938 
0.087563090946360222 -0.0076784866776466705 
0.088178286572390463 -0.024160426717259476 
0.088029971806532048 -0.019286774971543064 
0.086732751786712692 -0.021726050654422777 
0.087556808335706574 -0.014594921956917218 
0.086461540786153479 -0.01701646396948989 
0.08446251912012355 0.05397537960143356 
0.083381672690459596 0.051246787531754878 
0.082547076515457354 0.056247213426093803 
0.082266363023967282 0.048626794481393371 
0.082594095415501348 0.043905792072828402 
0.081109090841280221 0.046106405856075589 
0.082577643211982618 0.039326940831241788 
0.081286827832260933 0.041530684852365309 
0.082237556246475163 0.034898680758297836 
0.081131825723035692 0.037095796477541437 
0.081595506419383415 0.030635977434971411 
0.080669321998265056 0.032814833384986086 
0.080536943654908641 0.058435703009459779 
0.078435741900226424 0.060536906381125598 
0.076247253863863163 0.062547040925740011 
0.073975421513228862 0.064462485278711346 
0.071624346791078278 0.066279781042715979 
0.069198263869250667 0.067995655954878192 
0.066701540258036388 0.069607020917738641 
0.079927727183008862 0.02871291013731635 
0.080674797119023881 0.026571564829021132 
0.081336004700399825 0.024403352966589908 
0.081911754210826151 0.02221285142423041 
0.082386326171792632 0.020004906906101547 
0.082757795410045409 0.017775815160921846 
0.087995655954878182 -0.029198263869250687 
0.086675156420954955 -0.026599974331223627 
0.086279781042715956 -0.031624346791078291 
0.083037856897946918 0.015522687126236523 
0.083231604966357717 0.013258411169367356 
0.085526979649630144 0.0075295635718819415 
0.085369114889757722 0.0051778026614170934 
0.083328701043932848 0.010993114664444392 
0.08332074030709645 0.0087285218730379418 
0.085107320307719905 0.0028360719050152475 
0.084747284930603572 0.00051134213693176782 
0.084295680776697357 -0.0017931509785168458 
0.086766890642516289 -0.010103420995707938 
0.085866329132065378 -0.012493660847925308 
0.085669142041426352 -0.0058283782285982058 
0.083754565763324573 -0.0040780663472388262 
0.084957045419141744 -0.0081738692325595951 
0.085332579630599134 -0.024108139434138521 
0.085262623179481911 -0.019390815829355864 
0.08396187428226759 -0.021713255727697337 
0.084863329344802008 -0.014844177115403735 
0.083759594678335061 -0.017151177025653244 
0.081582038112558861 0.053475528329143651 
0.080578963468318457 0.050810683059757812 
0.079688826085148393 0.055626383638442599 
0.079530472271982441 0.048243182019707453 
0.079904230508573801 0.043677790890414632 
0.078430801426901856 0.045765296408915308 
0.079935821030944224 0.039241319660225787 
0.078651274659582007 0.041334084996313046 
0.079652132078554552 0.034947564870277406 
0.078547015440230072 0.037033110197691989 
0.079083346513786679 0.030820162882785537 
0.078149772306458004 0.032885603162039263 
0.077706193794868636 0.057694981244145162 
0.075638362834851522 0.059677212913318234 
0.073489039719265348 0.061569823766484878 
0.07126145864765937 0.063369767515313993 
0.068958973193709097 0.065073834920147886 
0.066585390785664486 0.066678912754308095 
0.064138675015187413 0.071110971749821006 
0.064145126360092411 0.068181996598349462 
0.061514294727639855 0.07250479363872385 
0.05883312431012773 0.073785977632366204 
0.056099990876649984 0.074952216869317009 
0.05331982241814856 0.076001408184871458 
0.078905884617698874 0.024826292555066902 
0.077490700748718624 0.028913099973521164 
0.078247119553398053 0.026876556683170186 
0.084462485278711322 -0.033975421513228875 
0.082547040925739987 -0.036247253863863155 
0.080030714719042509 0.020597404064648658 
0.07953061824922579 0.022729939924549754 
0.080430358242391017 0.018473227685501095 
0.080719907481140024 0.016360156864813503 
0.08507044266170162 -0.02897235858292771 
0.083833411047027295 -0.026427612474083196 
0.083367782955125605 -0.031273181286562923 
0.080965153223006056 0.014164356038830893 
0.081105473771808725 0.011990829813246921 
0.083221336355398509 0.0064695302591760706 
0.083016207314205323 0.0042160500840421064 
0.081146870892959092 0.0098191422589172152 
0.081098748500023826 0.0076562120850183326 
0.082708499525548304 0.0019772444925656393 
0.082311384928265161 -0.00024344433639589218 
0.081831652301873239 -0.0024428694268421682 
0.084143715510621386 -0.010489837641084432 
0.083229890957594796 -0.012769713277325722 
0.083121245246320946 -0.0063431992176546347 
0.081271147095917443 -0.0046183764099886207 
0.082391187306177713 -0.0085853716297480832 
0.082563168140108847 -0.023978465944897751 
0.082556328690155903 -0.019411044557089793 
0.081255691962288087 -0.02161904767719601 
0.082217878441647588 -0.015008457540677103 
0.081109640907276848 -0.017203182137473905 
0.080536906381125567 -0.03843574190022641 
0.07843570300945979 -0.040536943654908633 
0.076247213426093779 -0.042547076515457381 
0.07397537960143355 -0.044462519120123542 
0.071624303480877546 -0.046279813074776695 
0.069198219238586003 -0.047995686119949886 
0.066701494387231303 -0.049607049161521401 
0.078798998683914115 0.052921918715666372 
0.077860575787214711 0.050312380394769984 
0.076930743118532818 0.054956005735422302 
0.076867983750530347 0.047789739658731595 
0.07727918784012032 0.043370807805654367 
0.075820223875380371 0.045347977814436495 
0.077356727393391042 0.039070932717271467 
0.076082390834569899 0.041056271470545212 
0.077130586184067512 0.034907157365567182 
0.076032887348601877 0.036886677519721342 
0.076641260770052552 0.030917551297009831 
0.075696844277032008 0.032870935313102874 
0.074978884143166891 0.056908543884791378 
0.072947428154942526 0.058776063002817014 
0.070839316345681816 0.060555747652881277 
0.068657088437348732 0.062244903592587969 
0.066403723159946873 0.063840827025164429 
0.064083150598009189 0.065340461237676895 
0.061643354923165326 0.069580143176238562 
0.061700417307886224 0.06674044133133672 
0.059085352751593968 0.07087076283558244 
0.056475826935231094 0.072052050970660933 
0.0538189937943932 0.073122114091385179 
0.050497634934972231 0.076931658892280624 
0.051119149427361454 0.074077627989076369 
0.047638533742453852 0.077741288203106371 
0.077206359123220075 0.023160495691129324 
0.076600731935231689 0.025107687328738179 
0.075145846557617468 0.029017757382042375 
0.075897088177450722 0.027105970174799879 
0.081570799528620716 -0.033498842921335779 
0.079682064446039341 -0.03564589348959616 
0.078174913500330914 0.019053472048479892 
0.077740577809041367 0.021086615884918308 
0.07850741526503717 0.016995262398128815 
0.078762376940476497 0.014977019585886682 
0.082239388318168211 -0.02867922247666763 
0.081071780067395294 -0.026180763469367468 
0.080554389880255303 -0.030858680781929746 
0.078930681335401237 0.012861373072846844 
0.079012421242157849 0.010815668386190656 
0.080957553994756071 0.0054937236590521764 
0.08069556106040203 0.0033211310079660768 
0.079003870778204879 0.0086985264381410111 
0.078917298442052058 0.0066549406539795544 
0.080349643998775713 0.0011790920717315064 
0.079920227974352318 -0.00093191261241725809 
0.079420876349441144 -0.0030127288838192635 
0.081561815532369256 -0.010796146302748234 
0.080636233076058814 -0.01296743107918634 
0.080624607421901029 -0.0067812346100628992 
0.078844389557179415 -0.0051052350981218748 
0.079875135064490649 -0.0089263961025199973 
0.079862454525215842 -0.023769488947665753 
0.079906313881616536 -0.01935046985774834 
0.0786103064529452 -0.021445131832286066 
0.079619701441893356 -0.015096328477792196 
0.07851287548967438 -0.017180829051668192 
0.077703415524652458 -0.037711038059914111 
0.075637387024704975 -0.039691245980338331 
0.07348819933372136 -0.04158293004286976 
0.071260782622513022 -0.043381739058075929 
0.068959253224433262 -0.045083735592984057 
0.06658739065451709 -0.046686112255409112 
0.064138627987050598 -0.051110998021319916 
0.064149366088397594 -0.048186575488149752 
0.061514246626964308 -0.052504817890582395 
0.058833075223493549 -0.053785999820935342 
0.05609994089243206 -0.054952236954638856 
0.075816180153316218 0.021581148966490056 
0.076103211106718263 0.052309684956187562 
0.075218624648698898 0.049747498316301729 
0.074263294250648371 0.054230530884202079 
0.074276243105084003 0.04726308757994712 
0.074723661009948719 0.042984865933934642 
0.073281894010129453 0.044854671958740232 
0.074854754279491981 0.038821348448281813 
0.073591511547666674 0.040702142355936902 
0.073610875484773422 0.036651128509844595 
0.074687839920767496 0.034773668460106287 
0.074274894863741045 0.030979952814618711 
0.073365543546896131 0.03275391663011 
0.072345467538528677 0.056070924154055103 
0.070352920730407706 0.057827880514389633 
0.068287773198196969 0.059499213764974947 
0.06615225418196026 0.061082797077303526 
0.063949440390474413 0.062575903574717526 
0.061683646871827182 0.063975046774948724 
0.059261069501859998 0.068037921340271298 
0.059360018615135096 0.065276953880521349 
0.056770289507241202 0.069231485924287198 
0.054233370419486525 0.070320463261261276 
0.051656042122360635 0.071303211112404521 
0.048380086423020358 0.074915737320941408 
0.049040102525592467 0.072174084507814637 
0.044747631421783472 0.078428848941416704 
0.045603216596215287 0.075640720492550634 
0.041830105975882617 0.078993105399013525 
0.038891239651645239 0.079433031458067682 
0.073172758985872277 0.029174007309564889 
0.07464169815555996 0.025444848151377188 
0.074717042216741872 0.023211429482365105 
0.073421842143321467 0.026964831186246489 
0.07878123983935563 -0.0329630038704 
0.076921294968318413 -0.034989841660120237 
0.07663788771868793 0.017635379333602378 
0.075695567213979034 0.019342269729773116 
0.077120377782879002 0.013677383613107356 
0.076324606329153388 0.01544937209897336 
0.079492753279619452 -0.028314751330532458 
0.078383112440502029 -0.025856645416438288 
0.077829471491709948 -0.03037642564396752 
0.077261921674679088 0.00965539446287122 
0.076622111427797665 0.011509237440225967 
0.078710450246467445 0.0045525865941474057 
0.078417467319634795 0.0024955612953624236 
0.077069791837083346 0.0056742657737715255 
0.076586722144375008 0.0075541833121880817 
0.078035036964576157 0.00043646215650223525 
0.077574853105092351 -0.0015474177400682026 
0.077069686409150268 -0.0035748335702967724 
0.079023481893181438 -0.011033214376868453 
0.078088151810008249 -0.013095549466725477 
0.078174466797234596 -0.0071669028724152747 
0.076493602291536844 -0.0055122703154267374 
0.077399937984238415 -0.0092165664931730326 
0.077227211819352784 -0.023481644109348356 
0.077314482995064826 -0.019216213355252854 
0.07602761177687721 -0.02119666206266815 
0.077076139228886356 -0.015117610940968201 
0.075978628261668069 -0.017093913376277872 
0.074975503709478905 -0.036936888968430608 
0.072946350974271948 -0.038801372782603913 
0.070838597163570827 -0.040579242355891769 
0.068657610101707858 -0.042265806089879204 
0.066407448982582246 -0.043857387626656509 
0.064091437307888438 -0.045351866286630294 
0.061649279741735931 -0.049582842854874916 
0.061713198827350664 -0.046747519892336158 
0.05909143177183878 -0.050872445189247238 
0.056481452608010733 -0.052052949471373476 
0.053319771626599816 -0.056001426130677143 
0.05049758340231271 -0.056931674673993002 
0.053826690980698116 -0.053123079466412683 
0.04763845689982809 -0.057741308211407522 
0.073816752992371837 0.020736078806770752 
0.073487410135855316 0.051634330530032364 
0.072651435118693861 0.049112741027015905 
0.071679506547055571 0.053445669153163754 
0.071761244739610833 0.0466629675620579 
0.072246094511001044 0.042522240563032394 
0.070825732209675904 0.044283665765721736 
0.072442064378465343 0.038507309807137763 
0.0711822810788664 0.040273596414536553 
0.071287098915390826 0.03634233603776954 
0.072359434348505142 0.034561868648758702 
0.071805393577757157 0.030584515383807877 
0.071368854293573869 0.032752559160265537 
0.069798671055244982 0.055178083358884043 
0.067847289170493985 0.056829453951023533 
0.065827368909354408 0.058398031036605312 
0.06374120159830636 0.059881759035690506 
0.061591627026992203 0.061277569363819138 
0.059382509704222548 0.062581948011399116 
0.056983852777002776 0.066479946115737251 
0.05711872954869221 0.06379245798735475 
0.054561480918630022 0.067584636007533991 
0.052102177404543017 0.068594344816802558 
0.049614721738964675 0.069509399889676249 
0.046381714499541343 0.072922121940480839 
0.047087032993996747 0.070309483841331941 
0.042792237199769295 0.076265354258116688 
0.043681054452401072 0.073566149488765539 
0.039960129611212689 0.076808273196134452 
0.035936372919186291 0.079747827755166339 
0.0371406226134244 0.077280657114430593 
0.032970856035129593 0.079936928831759096 
0.071353029908922561 0.027992230778792308 
0.072727677019701287 0.024446168970757992 
0.072223859853848604 0.02197578187735998 
0.071035313617571844 0.025530500821783944 
0.076083231638810603 -0.03236358437577095 
0.074254214638612329 -0.034274976385857157 
0.074587963538813917 0.016951438214658346 
0.07310865639156712 0.0183108726392496 
0.075014439703289512 0.013184853063926839 
0.073663337080088875 0.014670056223690338 
0.076823107276451919 -0.027875647575294305 
0.075764213314526985 -0.025455226152313323 
0.075184837121579126 -0.029823149365693524 
0.075127346137463136 0.009346851957421751 
0.073906720877420812 0.01093540625611869 
0.076480669217042552 0.0016759382489297502 
0.076192731747899686 0.0036129830659686604 
0.074906937576701055 0.0055466734665354164 
0.073831067842039216 0.0072361215555246878 
0.075616736785027824 -0.0022113417606495853 
0.075470294460666526 -0.0002742191658294781 
0.074468266208933237 -0.0040660356182545525 
0.07652412619584284 -0.011208036397595563 
0.075599464072190328 -0.013156857797408357 
0.075776391832240095 -0.0075222132012075713 
0.074474052294547455 -0.0060246669955342294 
0.074977224947205087 -0.0094606087218122113 
0.074659421172968629 -0.02311938286663176 
0.074789651864243037 -0.019015649862954384 
0.073515423590309256 -0.020878891249434244 
0.074620101637296626 -0.015082381264736657 
0.073521546889040237 -0.016950029738789733 
0.072343254131549864 -0.036108946922491239 
0.070353424129916978 -0.037862486821690466 
0.068290041707564558 -0.039531062976786414 
0.066158504063887499 -0.041110282619798134 
0.063962485660264815 -0.042597557588056723 
0.061704739112306638 -0.043991517069447296 
0.059276373661997485 -0.048041869108786571 
0.059388128383584558 -0.045289827789207877 
0.056785524606221806 -0.049232197062291483 
0.054248632037990269 -0.050317587536935111 
0.051134124068338817 -0.054083115952539028 
0.048407052606616617 -0.054933537213030098 
0.051676840835890879 -0.051300209500888587 
0.045643336637009972 -0.055675932043871133 
0.044747540279919631 -0.058428868584042427 
0.041830049676717045 -0.058993115052492086 
0.038891243312679492 -0.05943303098925419 
0.071553843011533697 0.019545260332454097 
0.070950822299024385 0.050892561676841974 
0.070166212549357065 0.048407409419341359 
0.069178467845580224 0.052598905134551927 
0.069334906705150828 0.045988586875348271 
0.069852289700350664 0.041985406074957578 
0.068462697732074682 0.04364069718926112 
0.07011385431511373 0.038157747465282728 
0.068855427500053065 0.039762839178931364 
0.069566668979686538 0.028937576345069466 
0.069306203461324684 0.03617951936622385 
0.069904518539054175 0.034066047735580689 
0.06962620522856261 0.031475458013113342 
0.067337397654268091 0.054229206808233593 
0.065429952043033965 0.055781613363184761 
0.063458511673317938 0.057254442974812129 
0.06142521468407585 0.058645680166272141 
0.059330942634229299 0.059951845571807189 
0.057178467938420185 0.061169255585991657 
0.054805940463303164 0.064908809184641619 
0.054974630506833745 0.062296369968776723 
0.052454111833288776 0.065936317158407018 
0.050082820277515656 0.066890544598580945 
0.047715307752854097 0.067777117874498166 
0.045270488040920029 0.068465539341286838 
0.044498794006022135 0.070926555991480886 
0.040961771336764298 0.074166744383684965 
0.041928991700837567 0.07151867615499552 
0.038227768387838756 0.074738714241652737 
0.034359190594451583 0.077713238546760127 
0.035511067725573622 0.075285242593032042 
0.03197704108802997 0.078028362730518525 
0.029999999999999999 0.080000000000000016 
0.069314030191648737 0.026441055039291117 
0.070552210851585806 0.02306679798242639 
0.070079625679698818 0.020668703509677498 
0.06897317708757035 0.024050406370109786 
0.073468109622436176 -0.031697705745862156 
0.071672301810694033 -0.033498747678066938 
0.072249028138500315 0.015979684656950224 
0.070858218484181071 0.017192632522820273 
0.072588743733739886 0.012425902039412497 
0.071370718954987825 0.013779109982312592 
0.074226339741748262 -0.027362181182004491 
0.073216547826004924 -0.024981844580157574 
0.072615076273952917 -0.029200152759641006 
0.072634638999224649 0.0087882784699919638 
0.071485686783704094 0.010237817940401933 
0.074343353520139807 0.0017645561261008908 
0.073423023547726535 0.0035455875176072381 
0.072391984748622393 0.005191586727596822 
0.071405608105466783 0.0067381654530753168 
0.073514235423036312 -0.001954204044238168 
0.072729289127011404 -9.864988767625864e-005 
0.071762296699505693 -0.0036984493424168288 
0.072359684171111299 -0.0056072971068828921 
0.074079110907837059 -0.011319623648597434 
0.073236359493195388 -0.013152977297546392 
0.07312679816280919 -0.0077827885904331049 
0.072915438456574139 -0.0097505947120971551 
0.072167308183369028 -0.022692136557257062 
0.072344231775004569 -0.018753845115893206 
0.071083745612653348 -0.020488717872621479 
0.072244354525816526 -0.015023592530652564 
0.071149366925779126 -0.016730812137936729 
0.069798762759339841 -0.035224799706469544 
0.0678517995434295 -0.036872525918160912 
0.065837381921569654 -0.038437290244276605 
0.063760143435605196 -0.039915845674671789 
0.061622398151801962 -0.041307669051049746 
0.059426216524651278 -0.042611658196283382 
0.057015146386274917 -0.04648810764868324 
0.057173609061491236 -0.043821882457844137 
0.054590534599256418 -0.047583199213433958 
0.052127827760880922 -0.048580033758659776 
0.049077470893562097 -0.052184295443046889 
0.046450048415736502 -0.052968589192421013 
0.049647756843182005 -0.049486531113513692 
0.043786039699079203 -0.053655959138757592 
0.042853305033189251 -0.056305430798423262 
0.040069229421987519 -0.05681803024063322 
0.037342523475791999 -0.057186314372995199 
0.035936412266298026 -0.059747824406246167 
0.032970881105507152 -0.059936927766788141 
0.069460703045752373 0.018265801499616367 
0.068500258211749168 0.050085099931667716 
0.067773783432984722 0.047635055498609857 
0.066766584136506921 0.051693024161597649 
0.067010061391856793 0.045266848803631694 
0.067549547425621914 0.041424681931163332 
0.066203648959792 0.042894993684744073 
0.066921347896792618 0.03950004199276775 
0.067724440949101322 0.037388670011161175 
0.067633496139537952 0.027298686800990419 
0.067729864858498245 0.029759478819406483 
0.067697927209213693 0.034741151341859296 
0.067739426074442693 0.032293714055183477 
0.064967387724477924 0.053229514240804132 
0.063105473415934907 0.054692322355097155 
0.06118694713604475 0.05607841599451837 
0.059212030627109641 0.057388716303905789 
0.057177478863649683 0.058622390507000105 
0.055072744100240136 0.059751991827897637 
0.052723430188909765 0.063332256195824332 
0.052934178963295032 0.060803869611709117 
0.050438707892372543 0.064289701585768508 
0.048167426922459768 0.065230140016297775 
0.045977050600107067 0.066164885812059426 
0.044091566492489249 0.066750371996332075 
0.04266750740621067 0.068711129463359 
0.039180449244142476 0.072103300895667646 
0.040152185289310464 0.069736496105369375 
0.036612569795915026 0.072788067266966683 
0.034374036459233114 0.073323313502492271 
0.032555158810568634 0.075432822744661454 
0.030000000000000006 0.077058823529411957 
0.067323976245875647 0.024834408912074214 
0.065953716788031608 0.02598606854089363 
0.068489740157418807 0.021588611413653574 
0.068197397158053591 0.019569967952554574 
0.067123791461321192 0.022841064051429487 
0.07092991645631376 -0.030967681362963254 
0.069170314228243129 -0.032663708641683366 
0.069976431175219497 0.014938295941626495 
0.068954223619189792 0.016305274858681794 
0.070334845739773361 0.011586364354156 
0.069419043548929249 0.013080311467822552 
0.071702238624574477 -0.026781099283023066 
0.070746860467950104 -0.024446890043057043 
0.070118629162082988 -0.028516007441051285 
0.070218756818472769 0.0080687503958347916 
0.069516558882014773 0.0097406302879607613 
0.06934222541712165 0.0064050025812726757 
0.07181539461019093 0.0016068948835836071 
0.070965447376679355 0.0032440510017938116 
0.070021334678143921 0.0047414013393520995 
0.071057996475654694 -0.0018931189262720114 
0.070307595051712732 -0.00020321388488961847 
0.069346611513922171 -0.0035232877346198102 
0.071189932338139833 -0.013288409839067514 
0.069860427496897193 -0.0052716218643419572 
0.070419888684562795 -0.0070986695281745988 
0.07148457374851433 -0.011366162248338387 
0.070881102706128365 -0.0090997387558451673 
0.069763036694865138 -0.022226740969147583 
0.06996590749328585 -0.018459550256899604 
0.068711245106417837 -0.020100405850195655 
0.06962314877387836 -0.014793367026398066 
0.069104532595724869 -0.016661921100801259 
0.067338292230166408 -0.034287162240077981 
0.065439875893649899 -0.035835390505589308 
0.06348150075572262 -0.037302846856522021 
0.06146380313496299 -0.038688913543674569 
0.059386642026038793 -0.039998774356825612 
0.057256545310937081 -0.041228536103276002 
0.054862374408383541 -0.044927248429363222 
0.055075927595215325 -0.042360558274119199 
0.052496452026317982 -0.045923929712123092 
0.050109600195842735 -0.046836332163213874 
0.044635715169877188 -0.051036516966436442 
0.047150588210118312 -0.050318534193630131 
0.047749062986415396 -0.047678521119708994 
0.042043540672296494 -0.051690510628541235 
0.041080405444495684 -0.054247113938117611 
0.038444273174521287 -0.054778455265159946 
0.036348884557688324 -0.055129731847210789 
0.034365098121577384 -0.0572108134894668 
0.031871675416897685 -0.057942394809165146 
0.029999999999999999 -0.059999999999999998 
0.067097073917739156 0.017155689567904569 
0.06614478228757957 0.049218751858263125 
0.065479902590458008 0.046814226623306386 
0.064451252517794794 0.050738474008165613 
0.064786354308072877 0.044546870618255095 
0.06427913198901776 0.042521839966331965 
0.065216344625423389 0.040530153603463862 
0.065443609432986535 0.037939308090086797 
0.06579612070232943 0.035407128173122485 
0.065890441356488527 0.028080354135881998 
0.065920826867693239 0.030468859948080962 
0.065911810791433559 0.032909865378576826 
0.064158096565115758 0.033511837994215407 
0.062692264868821498 0.052194962259824042 
0.060876572454849058 0.053578800585049713 
0.059026415070817025 0.054883966309423021 
0.057121242125512194 0.056143646512351451 
0.055099274596929308 0.05726673071246078 
0.053065420459184491 0.058344686676787792 
0.050728598068535566 0.06174430759021439 
0.051040103076908788 0.059346247419994558 
0.048477477127697122 0.062599447883787726 
0.046216265468921859 0.063577835606483848 
0.044095208186746469 0.064709621728181066 
0.042193639714000607 0.066135836484125354 
0.04077279550245419 0.067581423846108726 
0.038961330458897686 0.067832773964049714 
0.037257549288251209 0.069712171182826924 
0.034531409502361388 0.071027281868478578 
0.032207048810614362 0.072481432833537807 
0.030000000000000006 0.074117647058823705 
0.064018688993001296 0.026231736895016514 
0.064944639081773101 0.023551060569904612 
0.065938659919729928 0.020229970214686577 
0.06481959568747768 0.017349247118008795 
0.068467791177205486 -0.030182696230739905 
0.066749085491522808 -0.031778074610181548 
0.067593036956598934 0.014127361972776576 
0.067825779720811913 0.010976713553759255 
0.069253113552395926 -0.026144124695858625 
0.068362656101306152 -0.023843874598650311 
0.067697163976326261 -0.027786160607114901 
0.067725628070595983 0.0078393050252914456 
0.067345560273106495 0.0046395857130254702 
0.069336541241586128 0.0013071696553496274 
0.068829858282112397 0.0030733193402683865 
0.068710350575947224 -0.0018569577802574242 
0.068238830601930894 -0.00030259348669405608 
0.067384223000932691 -0.0032363061290500207 
0.067466048732058595 -0.0050082154707768948 
0.069215863553503898 -0.012500290718789504 
0.067977551696808497 -0.00667619439057198 
0.068404793717071116 -0.0085263028429128015 
0.068874208784221611 -0.010451500766425556 
0.067165394745483387 -0.013659594597600883 
0.067367001797449269 -0.021738358981969269 
0.066683086484102802 -0.019887800158064094 
0.067402464361935338 -0.018024542230037566 
0.067292596732700785 -0.015688948259938024 
0.064964093936263151 -0.03330477794909148 
0.063123090892275635 -0.034762822758678216 
0.061233811780349208 -0.03613662151153077 
0.059280608880870757 -0.037446354066986647 
0.057255910902415739 -0.038690922185200642 
0.055202785311622198 -0.03987034910980481 
0.052811133437319718 -0.043359317615262523 
0.0531377258648019 -0.040946636791578263 
0.05047202960634941 -0.044233612600604384 
0.048165659613290245 -0.045099924938205381 
0.042904519386228329 -0.049201950519946608 
0.045280567147434884 -0.048460744195625856 
0.045904674525952219 -0.045951424242084184 
0.04145964805338441 -0.047863574779513487 
0.040536581406981104 -0.049773843098157328 
0.039344895242429415 -0.052191432914442587 
0.036678404606217241 -0.052812387094013785 
0.034282000987844723 -0.054199487181453627 
0.032022397857403878 -0.055505409260159039 
0.030000000000000006 -0.057058823529411766 
0.065292605339880155 0.014893946969502143 
0.063888171266348506 0.048310074784661421 
0.063274230927539504 0.045898137110378705 
0.062238657524717356 0.049755279984093161 
0.062475921325560131 0.043582131455635713 
0.062739407154317667 0.041002760162444363 
0.06337771951943523 0.038427449396708786 
0.063869309510387565 0.035934553278662892 
0.06088545966827387 0.026064167862419489 
0.064086054492168754 0.028737293810903966 
0.06240105378084599 0.027033002101500798 
0.064158467329806582 0.031036500758999323 
0.062431752326355658 0.034139318417490905 
0.062701613727032285 0.03222565526022414 
0.060506827043243394 0.051159359983148772 
0.058736019339020812 0.052454821446677645 
0.057024134135482768 0.053656794614488336 
0.055060620908153661 0.054855755508736295 
0.053096376681506574 0.055879751322731111 
0.051149845336227122 0.057019529165933544 
0.04876739354705837 0.060063146415207998 
0.049548471026172616 0.05807337293535738 
0.046478063220401614 0.060711803295901097 
0.044155865858519931 0.062085595477310934 
0.04189346732679558 0.063606385552075762 
0.039641293369307426 0.065456086318695442 
0.036995135067229609 0.066718463673065748 
0.034692993293355082 0.068196274718780384 
0.032297811323337831 0.069644768505813484 
0.030000000000000006 0.071176470588235452 
0.062285034819418793 0.024534689401939508 
0.062888829773373914 0.021595258594928505 
0.062975680748822233 0.018734689583492767 
0.062831543131710979 0.015990676587408378 
0.066087632008421465 -0.029354983657994979 
0.064415337588611801 -0.030849731012067793 
0.06533424539443633 0.012129700046751518 
0.065324192805553127 0.0091242942467897898 
0.066876010075087797 -0.02547827178554803 
0.066044821918300037 -0.023284385438141833 
0.065353686722227092 -0.027025453300398846 
0.065113354758850134 0.0061542403304739911 
0.064936439848255048 0.003708090841271858 
0.06648040831605076 0.0014343895003143803 
0.066369516125645261 -0.0017155275596745405 
0.065028588057090234 -0.0040775420999214365 
0.065911375106447234 -0.0061145474439354055 
0.066839827124898402 -0.011727381650994746 
0.065826205477509545 -0.0079945325462642061 
0.066449804953195912 -0.00983718107019531 
0.065132293511117351 -0.014682670053982209 
0.064958974831736863 -0.012902203876810172 
0.06493635547282893 -0.021062684585257046 
0.064960447462202753 -0.018703089057813517 
0.065099434659112512 -0.016670080926550812 
0.06268004220573227 -0.032288895576328851 
0.060909364529497342 -0.033672491132567928 
0.059126444362149089 -0.034918852727836777 
0.05718331645084631 -0.036197995463034822 
0.055225567434179328 -0.037403524011275995 
0.05326063344291946 -0.038587228928702262 
0.050818763261876565 -0.041757436415875961 
0.051618176846337786 -0.039694348503815327 
0.048427802969379867 -0.042414784923485292 
0.046331348340578019 -0.043480145990524008 
0.043322129350355662 -0.046586632865614652 
0.044462764709083169 -0.044381513446917625 
0.041140119767528363 -0.046209902705078285 
0.039467108594074131 -0.047538108007972757 
0.037427312251817127 -0.049700843931629463 
0.034575350796874203 -0.051231406629610315 
0.03219988446383263 -0.052662264784452913 
0.030000000000000006 -0.054117647058823541 
0.062969281878428332 0.013247975780471983 
0.061738107611058676 0.047428818356394266 
0.061412692925307578 0.045401785390319929 
0.060155321841037231 0.048699990512364878 
0.06008503178073013 0.043846326597915174 
0.060582190817934561 0.041474264688143234 
0.061132775202099039 0.03881967124060897 
0.061869304130077067 0.03633358514741257 
0.060759999410963259 0.034573109813228364 
0.060001632815646862 0.024708660752070857 
0.059677126297098503 0.026217010002146136 
0.060382607391415814 0.027557347447568454 
0.061601360704833359 0.029894294324966209 
0.060933516533452116 0.032400425087498422 
0.05832447831377819 0.050134319472114594 
0.056657689015954499 0.051315687715841371 
0.055271974329254805 0.052884450159750629 
0.053099389793364669 0.053356839378147107 
0.051046734031794133 0.054444934323173037 
0.048984476006594758 0.055966386825455759 
0.04709161031646944 0.05794485652489232 
0.044348029322825527 0.059153026593555799 
0.041904161625428558 0.060754900087668005 
0.039508643644558111 0.062442666321557538 
0.037128836578261958 0.063863803886668902 
0.034716235458345047 0.065286644896152504 
0.032355416333696117 0.066751856908201457 
0.030000000000000006 0.068235294117647199 
0.06054609450315445 0.02259125905762565 
0.060642869567344958 0.019929882741921919 
0.060643644752717461 0.017204611418398269 
0.060655000297514 0.014444408292209865 
0.063813230033894025 -0.028497097575807595 
0.062175495889534936 -0.029868690797687211 
0.063000575665345601 0.010407907757209352 
0.062970201827746916 0.0075129520074314095 
0.064544618179971286 -0.024785632073123662 
0.064074950356704796 -0.022883172844898221 
0.063097467021468817 -0.026247170724971097 
0.06295961561915199 0.0046368925874242231 
0.063211934210380072 0.0018335969956751299 
0.063574585945389728 -0.0010685254967068305 
0.062559387172151343 -0.0039982970461645752 
0.063258481568769273 -0.0068162527121425117 
0.064394650912666038 -0.01101525709404012 
0.064340117603914268 -0.0091685011416297174 
0.062580445918333588 -0.021520839870932347 
0.063584721179041348 -0.015524950157859051 
0.063143778301050696 -0.013972254553321743 
0.063077904395205289 -0.012356065310921328 
0.062843488826660909 -0.019422353081424339 
0.062761808389610124 -0.017200109837085913 
0.060474154597093648 -0.031269986123881259 
0.058754692161492955 -0.032561120340765644 
0.05707964354420484 -0.033761513545287017 
0.055202163426418586 -0.03499800213935729 
0.053225247922115339 -0.036074772431053635 
0.051138005710516292 -0.037491051776150343 
0.049148582525226789 -0.039523609380713025 
0.046458896964784273 -0.040821889962737515 
0.044156000958542156 -0.042154095129965388 
0.04201639244973588 -0.043985532611587171 
0.039526663856468455 -0.045014201519168989 
0.037191849925191339 -0.046683635783006869 
0.034767289544194571 -0.048254338351742809 
0.032319557140872944 -0.049743167988435665 
0.030000000000000002 -0.051176470588235302 
0.060693937654952144 0.011643192721189931 
0.059490155453131979 0.046253556178952625 
0.058263882069013923 0.048127344323827037 
0.058175919281018375 0.04426442436733645 
0.058373310881428171 0.042101797507103106 
0.058190499511743057 0.023489203741169844 
0.058705633089711801 0.039466970507600556 
0.059310140041142712 0.036341914507374028 
0.058811362041776769 0.03357253940619552 
0.05822298314804901 0.025614722856320323 
0.058867997384880591 0.027144815163554714 
0.058862646512562594 0.028990795230823388 
0.059017707605639937 0.031233265083865213 
0.056178958017610553 0.04884191953094448 
0.054016902128864695 0.050720141175224248 
0.051313482101383513 0.051816195159143548 
0.048958731157846956 0.05327532436531815 
0.046693041439734032 0.055027957561972707 
0.04445716401435576 0.056441457560510548 
0.041973926455245357 0.057863717652232638 
0.039551083870129421 0.059396575921682605 
0.03715034481444169 0.060907055684838736 
0.034754610827805732 0.062365354361769772 
0.032368829813722744 0.063823159614588107 
0.030000000000000006 0.065294117647058961 
0.058347816805777081 0.021071240693849913 
0.058370039048083654 0.018437730379557454 
0.058377232810438058 0.015705341296823834 
0.058395255662891138 0.012915650780461217 
0.061494221942108171 -0.027661083017105799 
0.059959562433211135 -0.028990844292811135 
0.060706361141863542 0.0088045184417590433 
0.060717110975717054 0.0059498586809320604 
0.06222786201654084 -0.02386479566745003 
0.061113167931068857 -0.025646370435029368 
0.060775727691849531 0.0031072443160106039 
0.060806937022508965 0.0003083530732813006 
0.060719408243742182 -0.0024857816591360308 
0.06062020209503427 -0.0052448565373131384 
0.060693240854221772 -0.022122716329392694 
0.060191043474857479 -0.0076021922466978625 
0.061776041847051731 -0.010168766094708922 
0.06067150322857115 -0.020305870265635875 
0.061786495168337591 -0.01509958638650564 
0.061171324778314703 -0.013062110874784082 
0.060640814013037836 -0.018179196028755493 
0.060577870357418288 -0.016384119847780591 
0.058248913462260736 -0.030260780725733353 
0.056683140423705793 -0.031484370351654557 
0.055354324963920676 -0.03302387490018769 
0.053278805182685442 -0.03351424875890123 
0.051165692711789813 -0.034872839503604536 
0.048966772123940683 -0.036526132010227433 
0.046630525898017659 -0.03797966392876672 
0.044234530406746221 -0.039434677559561378 
0.041915463405327001 -0.041053363393074069 
0.039584394607480526 -0.042359372038488476 
0.037177594122743136 -0.043766451858266768 
0.034786358312447509 -0.045290011185256392 
0.032386503379601 -0.046813932488650165 
0.030000000000000006 -0.048235294117647071 
0.058412690420139135 0.010094940307868998 
0.056599756154996496 0.046016087619255686 
0.056216774460734836 0.043232373575680751 
0.056301821470427039 0.040495972172025434 
0.056113571391838528 0.022319619908196031 
0.056156881298239175 0.024865674741932586 
0.056533560125239274 0.037568202930348557 
0.056674005618726001 0.034690710594726525 
0.057228621911915793 0.032360723059943912 
0.056687429569140191 0.027506675304476664 
0.056563999480484795 0.030208651927993338 
0.053984628976837784 0.047568476142382993 
0.051522764819158628 0.049050653542740907 
0.049059580305095572 0.050474373885963784 
0.046654014243096009 0.052031391550575519 
0.04435978648478258 0.053518118242500516 
0.04199454438514736 0.054976143473800455 
0.039586559868409116 0.056457075182775603 
0.037181637732040605 0.057951247682680562 
0.034777256233854317 0.059422685934673009 
0.032384291662472413 0.060887218690197788 
0.030000000000000006 0.062352941176470708 
0.056079907945671033 0.019725644743151482 
0.056081390203487964 0.017020263630485873 
0.056090127084877754 0.014246248135806154 
0.056102174375255699 0.011431147057486884 
0.059272500769461688 -0.026561558374095715 
0.05808559588876136 -0.028324239280730502 
0.058427027225976785 0.0072559873613691509 
0.058458660645415529 0.0043928078887755856 
0.05949182480890694 -0.023883695694513391 
0.058049470791392166 -0.025028961222167377 
0.058500107677923609 0.0015219566699753242 
0.058502323688474578 -0.0012904848807481599 
0.058549982053027971 -0.0040334070262836716 
0.058794984622146808 -0.0060292742390664041 
0.058064203248840429 -0.0074870752703168455 
0.05877504826821061 -0.021553306583763907 
0.058595009776752652 -0.0094679262962200535 
0.059179802265934146 -0.011861823081235711 
0.058631298732043778 -0.019200892091966095 
0.05947946800459044 -0.01445397304820247 
0.05876800182397366 -0.01685106027409693 
0.056140084808618748 -0.029150443963061282 
0.054048157463805126 -0.030915823823117337 
0.051388039651550622 -0.032082796521681521 
0.048997285679930468 -0.033548035523613053 
0.04665886000302568 -0.0350446238360596 
0.044315513364382261 -0.036527050823301356 
0.041929343835444922 -0.038072090603232751 
0.039560975207535806 -0.039481163900965476 
0.037183662480499202 -0.040894101080542443 
0.034792635554371759 -0.042357389543137391 
0.032402133626122841 -0.043864454814062474 
0.030000000000000006 -0.045294117647058839 
0.056113205754970384 0.0085966243229054495 
0.053997211110685055 0.044655790050836718 
0.053957007132792022 0.041778479162670544 
0.054021654309936641 0.038830524165794057 
0.053780541123718849 0.021112247258122083 
0.053827276207075059 0.023792815927613134 
0.053969199704765512 0.02650144024909255 
0.054086856213715596 0.035670365908337616 
0.054611833641694793 0.032408816087708674 
0.054163352217606583 0.029294647001097431 
0.051592181629711312 0.046126264935295938 
0.049169796007417478 0.047598470332749575 
0.046738586907822323 0.049074210611142859 
0.044355567905512268 0.050568256807536405 
0.041986955827577131 0.052047811257843683 
0.039598312558103844 0.05352355375776232 
0.0371965273011289 0.055001329903637458 
0.034793512710888895 0.056476852198509085 
0.032393788002601155 0.057945855694112376 
0.030000000000000006 0.059411764705882456 
0.05377277838069465 0.018397370644453077 
0.053770620623016636 0.015626919272368367 
0.053774156438722853 0.01281647192333088 
0.053780113635462569 0.0099829293616270822 
0.056431733255194703 -0.026325986036517757 
0.056136237877740108 0.0057360909205733 
0.056156745058194783 0.0028665383444253256 
0.056766633962219981 -0.023399636544563261 
0.056199755922499504 -9.6590263556428372e-005 
0.056237751211145243 -0.0029574400787694523 
0.056549492238973889 -0.0057788401147204982 
0.056230028414088834 -0.0084536798084923308 
0.056442763360165869 -0.020497188770193801 
0.056665615036349488 -0.010937555355208642 
0.05739136742289748 -0.013080549986325921 
0.056498511658109284 -0.017830736398401107 
0.056829175367565758 -0.015244509952665117 
0.053927776702912433 -0.027897028070586312 
0.051542855367895955 -0.029269948247367616 
0.049097945010700333 -0.030655022262148193 
0.046705901601106187 -0.032106842722442075 
0.044332705471980871 -0.033580368778626551 
0.041953264007847914 -0.035064728617502858 
0.039568358678692989 -0.036532754884608151 
0.037184628237770197 -0.037975301405846984 
0.034800755393430222 -0.03942572338058685 
0.032392608430558675 -0.040909567760143345 
0.030000000000000006 -0.042352941176470614 
0.053787420759162374 0.0071368050154266465 
0.051595842430138046 0.043201942069501224 
0.051605947865376429 0.04025551869237879 
0.051434262249016073 0.019834920148236412 
0.051641179801370389 0.037217296183947909 
0.051445368824616464 0.022602356618158036 
0.051495416804504569 0.025371168432783489 
0.051584873439719528 0.028159678663876919 
0.05172190435359672 0.034103665717490184 
0.051715631855955208 0.031058712079830131 
0.049207538881050339 0.044668838995334685 
0.046804013361421433 0.046147553458357256 
0.044388114369830929 0.047625068636380739 
0.04199694015666109 0.049107859932187393 
0.039605751985956027 0.050586054187292416 
0.037208383716943766 0.052061510551564091 
0.034806060084947459 0.053534027643697482 
0.032401722126241761 0.055003140006864883 
0.030000000000000006 0.056470588235294217 
0.051435845343122066 0.017058567426138704 
0.051430517933110882 0.014235519047361865 
0.051430825758881582 0.011400033489615784 
0.051433034694242208 0.0085541245384437321 
0.054101699286848402 -0.024868033636376696 
0.053805690290216979 0.0042734375584466411 
0.053823010532882819 0.0013987458925323092 
0.054135112486198393 -0.02192861839837915 
0.05386681742365465 -0.0014806218312191338 
0.053980190474244294 -0.0043330360135492131 
0.053966173557278119 -0.0071185349751785951 
0.054131106078675474 -0.0099638839508134781 
0.054102122359754604 -0.019034936246200441 
0.054664786753810576 -0.013161249294882812 
0.054217708305152039 -0.016155831055284245 
0.051613716158251062 -0.026324104193492012 
0.049181497220156134 -0.027744914613180339 
0.046766428837715507 -0.029178742160676941 
0.044369461043627843 -0.030635676608165349 
0.041977997640479076 -0.03210414849486104 
0.039584993286973756 -0.033572226436015769 
0.037191422591986413 -0.035031836341807399 
0.034798384795395182 -0.036488798232457327 
0.032404785740757537 -0.037953338994459795 
0.030000000000000006 -0.039411764705882382 
0.051437440718942851 0.0057014399928718013 
0.049209546725164081 0.041727661925745292 
0.049078295946557382 0.01851702990508669 
0.049206518826754309 0.038778412012797303 
0.049079423123332737 0.021309278179829638 
0.049226063880153451 0.035765875031302727 
0.049101021204094965 0.024110419403798978 
0.049143868737022874 0.026932191619455124 
0.049207765955463952 0.029797069335463024 
0.04924930085870307 0.032736708928667778 
0.046818655477315556 0.043205310210400999 
0.044419122454412464 0.04468637789331751 
0.042012241536132512 0.046164954453377462 
0.03961418457194904 0.047644062557903676 
0.037213739745326983 0.049119190025174175 
0.034809652502264921 0.050591086086782477 
0.032404202284651289 0.052060837904289052 
0.030000000000000006 0.053529411764705971 
0.049071012165376855 0.015675894289064296 
0.046698738484951159 0.017120912535361774 
0.049068480332691143 0.01283267468267627 
0.049067786459148242 0.00998421720761857 
0.049068379902148261 0.0071315198802232469 
0.051686263749044004 -0.023362232325520659 
0.051446079854411457 0.0028435486704011356 
0.051462974648319559 -1.3837123303686333e-005 
0.051711192199157471 -0.020409682867420051 
0.051514310974259535 -0.0028763767642522695 
0.051567665560662279 -0.005731105557526258 
0.051636161398245374 -0.0086054953028918534 
0.051724332981701995 -0.01156437884282076 
0.051746610101391539 -0.017509560948654662 
0.051829124034797315 -0.014565520419725248 
0.049239560781619236 -0.024803352197082778 
0.046817118299768527 -0.026241799571692852 
0.044406542044434803 -0.027692288542222793 
0.04200367578186992 -0.029153545062479063 
0.039602595390622407 -0.030618667172864895 
0.03720181253660193 -0.032082208193321041 
0.034801711480149052 -0.033544397520654051 
0.032401822721495756 -0.035007867146680166 
0.030000000000000006 -0.03647058823529415 
0.049071068999263834 0.0042770887982176787 
0.046815927537661998 0.040256252175869124 
0.04670357286939545 0.019978871186114466 
0.046815150947103729 0.037293200402690518 
0.046711824083707998 0.022809861619574389 
0.046817803173996531 0.034320274176878697 
0.046730067415507705 0.025637420175188469 
0.046770391485227041 0.028494262848637715 
0.046806635933052565 0.031374657231041894 
0.044420223452545669 0.041739111137122475 
0.042021405787771533 0.043219628872432865 
0.039620602015584365 0.044699841052312263 
0.037218028194641574 0.046175827249500617 
0.034813083064188052 0.047648508056746031 
0.03240629997145713 0.049118877829451978 
0.030000000000000006 0.050588235294117725 
0.044319083201579311 0.018559763022801917 
0.046695737981165532 0.014270634436077687 
0.04431673304944278 0.015708285866816728 
0.046694054007308479 0.011418441636835188 
0.046693113498569722 0.0085640357467377734 
0.04669313055503662 0.0057087999928875158 
0.049277564760981524 -0.021855330434874351 
0.049076464613906988 0.001424685551401166 
0.049083000823652211 -0.0014171517169826954 
0.04930043809656403 -0.018916223089373532 
0.049128246176347645 -0.0042865772848941549 
0.049183490050017264 -0.0071709002210310633 
0.049244200161137119 -0.010084168269980978 
0.049302529131757443 -0.013030191357886835 
0.049319075612923771 -0.015975172013924469 
0.046850810078271271 -0.023296035828373623 
0.044433385204238972 -0.024745460150518258 
0.04202361871995839 -0.0262041450928483 
0.039617163760577681 -0.02766826257109363 
0.037211886212311106 -0.029133619849753423 
0.034807317769657342 -0.030598873657801104 
0.032403402284873858 -0.032064317242263114 
0.030000000000000006 -0.033529411764705919 
0.046694845955607168 0.0028547100737741707 
0.044417761603988359 0.038789442413686454 
0.044323893790513123 0.021406265758864701 
0.04441272951781889 0.035838123525104633 
0.044334187693417709 0.024252979807790086 
0.04440299577765236 0.032898357880303215 
0.044356542784836632 0.027108809967697739 
0.044383583322210297 0.029988129494336335 
0.042021957802080283 0.040273426136024547 
0.039622095019615534 0.041754665821837816 
0.037219338965424696 0.043231527568679456 
0.03481476387839693 0.04470522747252869 
0.032407730760225358 0.046176753411806055 
0.030000000000000002 0.047647058823529473 
0.041934883036651278 0.019990698834511305 
0.041931856557067375 0.017137616203525056 
0.044314640511917434 0.012852924514220111 
0.041930295202571986 0.014283060298826762 
0.044313122283484906 0.0099963181357762918 
0.04431237083777223 0.0071397145983255117 
0.044312342151583993 0.004283600810957469 
0.046868644943174997 -0.020350200372135523 
0.046699145157194998 3.9021693154326774e-006 
0.046707464580716951 -0.0028429856180435093 
0.046874886640162199 -0.017407851465588934 
0.046745840533489319 -0.0057216701393140558 
0.046789404702176546 -0.0086154156998203262 
0.046834160676596008 -0.011533140147518812 
0.046865574899052041 -0.014467677592039381 
0.044447898436304291 -0.021796888870083079 
0.042035199313676719 -0.023254566517917515 
0.039626635002750835 -0.024719195655205806 
0.037219438190236799 -0.02618628709702453 
0.034812485187373975 -0.027653648985915713 
0.032405845501943677 -0.029121053948452283 
0.030000000000000006 -0.030588235294117687 
0.044313679353056613 0.0014287784770679703 
0.042016056428272434 0.037329224522195885 
0.041940138487545797 0.022844970247395471 
0.042006193125337522 0.034392831950290213 
0.04195460487026962 0.025704738145915128 
0.041991765080073684 0.03147401115014594 
0.041973070233256408 0.028578609046974703 
0.039618658649340534 0.038809820438998173 
0.037217543083464477 0.040288134789047234 
0.034814408642436949 0.041761791244476716 
0.032408182779565163 0.043234287970889657 
0.030000000000000006 0.044705882352941234 
0.039549607120101714 0.021425374755382778 
0.039546066186582955 0.018568563207433646 
0.039544634783086549 0.015712618562544894 
0.041929397234372508 0.011426936020929984 
0.039543970068385621 0.012856395437798823 
0.04192885151191026 0.0085700175105826761 
0.041928601351472826 0.0057128586687333121 
0.04192867847827763 0.002855708352208742 
0.044451454097150796 -0.018850874018350637 
0.04431818113317626 -0.001425204031632616 
0.044330551641839383 -0.0042845255676145456 
0.044443682203544409 -0.015910252722501357 
0.044356336734429035 -0.0071610054248911412 
0.044390143182462705 -0.010059086367600204 
0.044422606018747306 -0.012977929629512197 
0.042038317798537637 -0.020307134749223493 
0.039630102463265045 -0.021771906265718125 
0.037223113724604746 -0.023240054246960119 
0.034815686981834092 -0.024708905497685566 
0.032407773860375549 -0.026177995142921271 
0.030000000000000006 -0.027647058823529459 
0.041929734435131975 -1.3885386070810351e-006 
0.039610884456482788 0.03587196180558206 
0.039555660572148987 0.02428562293717881 
0.039599467274538176 0.032947604243834992 
0.039569929221871053 0.02715653813210046 
0.039585194459709289 0.030042280071788718 
0.03721289173501665 0.037347675394090056 
0.034812010957159405 0.038820122420428704 
0.03240895451216276 0.040291233429997561 
0.030000000000000006 0.041764705882352988 
0.037163808808454074 0.022860485825623961 
0.037158780781043919 0.020000370148267818 
0.037158359432690635 0.017142546252523219 
0.037157996168332215 0.014285485944853222 
0.039543630704849557 0.0099995544562962429 
0.03715779527209067 0.011428489069478224 
0.039543415128094096 0.007142204792808359 
0.039543290026503454 0.0042844027693876114 
0.039543207050087709 0.0014257472560810878 
0.042032564393027959 -0.017364847236666692 
0.041933895169858133 -0.002860367843190052 
0.041945017789721616 -0.0057260088472041934 
0.042017326374449097 -0.014431144904531104 
0.041963391957090423 -0.0086043237634225375 
0.041993307474298441 -0.011510205591997764 
0.039626912031162191 -0.018828268381355696 
0.037222390828317471 -0.020295763988957199 
0.034816423555171547 -0.021764999452525035 
0.032408667721178439 -0.023235253031746686 
0.030000000000000006 -0.024705882352941227 
0.039543879090956816 -0.0014345712559380719 
0.034772468689568022 0.021430620070749293 
0.037205530229317309 0.034415130132587193 
0.037171520938557974 0.025726852733695463 
0.037195263316205637 0.031499733832170897 
0.037183038250026883 0.02860488381062995 
0.034808103713588709 0.035882773070262212 
0.032406273855252042 0.037351742018288094 
0.030000000000000006 0.038823529411764743 
0.034777370601591334 0.02429348647556509 
0.034772040473236183 0.0185720767982912 
0.034771946169312146 0.015714483179823008 
0.034771835868325954 0.012857220646903223 
0.037157675346150137 0.0085712665846616326 
0.034771807727541848 0.0099999998437987434 
0.037157518208090747 0.0057135853350454751 
0.037157250849082342 0.0028550182165482819 
0.037156843743114849 -5.2466499838264386e-006 
0.039616501565354852 -0.015892082068096398 
0.039548038806232651 -0.0042988397805342818 
0.039559427122965 -0.0071721505522580609 
0.03959922350710026 -0.012968190801425616 
0.039578237777488735 -0.010060907985060373 
0.037217173951703542 -0.017354902051502207 
0.034815025271811045 -0.018822233750741248 
0.032408691063292507 -0.020292501783717713 
0.030000000000000006 -0.021764705882352998 
0.037157352100192158 -0.0028683815628194279 
0.03238577134332099 0.020000699664394158 
0.032387167372647026 0.02285991638106236 
0.034804581188871572 0.032951147207765021 
0.034784871196081917 0.027163895103880762 
0.034794680636183274 0.030048283604305465 
0.032404760443772308 0.034415113510272315 
0.030000000000000006 0.035882352941176497 
0.032390065832108642 0.025722416905475963 
0.032385910556145182 0.017143144060820459 
0.032385915086086202 0.014285821252795969 
0.032385904715888654 0.011428608384678469 
0.034771729046110082 0.0071426298296013227 
0.032385890573562066 0.0085714024077507642 
0.034771491414538037 0.004284718614723953 
0.034771035527142308 0.0014255611755811413 
0.034770509755935493 -0.0014356977891160723 
0.037205280985639334 -0.014426939764721447 
0.037162249266261209 -0.0057371589291870459 
0.03717370398537341 -0.0086168640022765159 
0.037189587912457286 -0.011513069246033026 
0.03481035507232403 -0.015883316546532678 
0.032407906964877588 -0.017350323930424055 
0.030000000000000006 -0.018823529411764767 
0.034771027788356328 -0.0043002509386281598 
0.029999999999999999 0.018571428571428589 
0.029999999999999999 0.021428571428571439 
0.029999999999999999 0.024285714285714289 
0.032407246890625213 0.031484691217210932 
0.032395754963969396 0.028593052802977675 
0.030000000000000002 0.032941176470588251 
0.030000000000000002 0.027142857142857149 
0.029999999999999999 0.015714285714285736 
0.029999999999999999 0.012857142857142886 
0.029999999999999999 0.010000000000000033 
0.03238580960810019 0.005714025960320882 
0.029999999999999999 0.0071428571428571834 
0.032385541672311648 0.0028561297731521987 
0.032384913463734601 -2.9760028310885016e-006 
0.032383979894264781 -0.0028639984830273343 
0.034800556175039493 -0.012962023022526343 
0.034777008442749273 -0.0071717326861122947 
0.034788753163890636 -0.010056435804518574 
0.032405011077549568 -0.01441170578659585 
0.030000000000000006 -0.015882352941176535 
0.032385920999510855 -0.0057267421416692431 
0.027644449219251743 0.017073923919201657 
0.027654222502272202 0.019929858510870153 
0.027785750170261601 0.022781202678688037 
0.028169608512737226 0.025551495233393753 
0.029999999999999999 0.029999999999999999 
0.028310419655234131 0.027663175067815984 
0.027658804244513224 0.014239512090903425 
0.027661755897311936 0.011410737285600995 
0.027667709725578353 0.0085834053906226216 
0.029999999999999999 0.004285714285714331 
0.027677852250377093 0.0057592670586425233 
0.029999999999999999 0.0014285714285714787 
0.029999999999999999 -0.001428571428571372 
0.029999999999999999 -0.0042857142857142226 
0.032406879367710792 -0.011486329420352454 
0.032391361343148267 -0.0085969174984294374 
0.030000000000000006 -0.012941176470588307 
0.029999999999999999 -0.0071428571428570758 
0.025329360849274566 0.015584329254709338 
0.025236157653091788 0.018403745269942786 
0.025324697943070379 0.021299709168644616 
0.025717573285039041 0.024140241865452716 
0.026229820879541746 0.02685316226675627 
0.027272727272727285 0.029090909090909094 
0.025352021690925011 0.012795802000201015 
0.025348366675677012 0.01000184167460352 
0.02537467560129561 0.0072115009639740282 
0.027676987242703444 0.0029278225501077281 
0.025371990588847287 0.0044169782412721301 
0.027689687863966795 5.8051790097321488e-005 
0.027722424178465061 -0.0028774228056236608 
0.028204605853251154 -0.0055324361604760829 
0.029999999999999999 -0.01 
0.028310419655234131 -0.0076631750678159581 
0.023024030240558321 0.016857166719633162 
0.023074681398311214 0.014138276091041313 
0.022440805776003488 0.019677357247653481 
0.023113678271754166 0.022865849439260542 
0.023861378717375783 0.02562254697435051 
0.024545454545454554 0.028181818181818183 
0.020892342050396816 0.017559623191052181 
0.023061913535938824 0.011405213584165358 
0.023080978624784282 0.0086414295445559324 
0.023126159562918618 0.0058762138900240327 
0.025335916766045838 0.0016270951450665662 
0.023058995739364454 0.0031090717491701518 
0.025405758920217403 -0.0013265148003838039 
0.025775203399771598 -0.0041854851390397329 
0.026224851617445741 -0.0068568349477770782 
0.027272727272727278 -0.0090909090909090939 
0.020862074639458578 0.015386422408701745 
0.020829450517029335 0.012806747630688306 
0.019690639037165517 0.019390085709124153 
0.020410930006652468 0.021887180102948808 
0.021115540268549563 0.024615844419663618 
0.021818181818181827 0.027272727272727275 
0.018783002092144428 0.016933647531395354 
0.020800159182441699 0.010086414804685117 
0.020794102526544213 0.0072742943195525742 
0.02109117040812716 0.0046098656867549761 
0.021073104773878144 0.0024054437971184148 
0.022643297673778838 0.00036271740932599251 
0.023200352445273194 -0.0028820111706252026 
0.023893227383977006 -0.0056376909493525687 
0.024545454545454554 -0.0081818181818181877 
0.018634288768290069 0.014257786462646589 
0.01856338930153004 0.011575800923778176 
0.017024433809485172 0.018515115527570125 
0.017706728354428214 0.021090811155329358 
0.01839818833201386 0.023683132646661709 
0.019090909090909099 0.026363636363636367 
0.01655054327223043 0.015811680220307944 
0.018500019773745165 0.0088248954606693231 
0.018615289450572975 0.0059983048685156885 
0.018992421662865199 0.0031891249669978483 
0.019602532601106781 0.00055829686404692495 
0.020454075421780061 -0.0019145639580739474 
0.021145768865696898 -0.0046314085875482627 
0.021818181818181837 -0.0072727272727272814 
0.016354495441713465 0.013085195507382102 
0.016288677297734453 0.010403441082350659 
0.014462947995352434 0.017435354580825808 
0.015039712991242113 0.02014016734733437 
0.015710764420783854 0.022790392621883718 
0.016363636363636372 0.025454545454545459 
0.014064982156941651 0.014650703448421669 
0.015943792087848185 0.0076129599297140313 
0.016377065964353822 0.0044810654504553512 
0.017015916698497138 0.0016089081329191725 
0.017733880451536045 -0.0011244759616930392 
0.018413763752973256 -0.0037146543523528582 
0.019090909090909117 -0.0063636363636363734 
0.014030383057754723 0.011813604071367882 
0.014341200501079144 0.0095086141309636465 
0.011759197922776276 0.016352809863326937 
0.012351492472065399 0.019146356770563106 
0.012986107391034694 0.021864952158619239 
0.013636363636363644 0.024545454545454551 
0.011240532745773097 0.013408523051585391 
0.0091266065913532552 0.013213182024244857 
0.013503606816461282 0.0078714512099592876 
0.013878924042476376 0.0055268298022016615 
0.0143785343674707 0.0027235131116232058 
0.015027845015136369 -9.4301114867640048e-005 
0.015694312324281024 -0.0027992957886200584 
0.016363636363636396 -0.0054545454545454663 
0.011939543245597069 0.0098416143614263735 
0.0089108626306882294 0.01534094710889323 
0.0096340910415372624 0.018202794300024246 
0.010270909881846372 0.020934058513031931 
0.010909090909090915 0.023636363636363643 
0.0093139310367013131 0.011315597318310625 
0.0070150613969427924 0.012989226291343168 
0.011391336306741313 0.0069214908409643639 
0.011415805302538773 0.0038915837306346705 
0.012354323482122533 0.00088780282076520681 
0.01299010276691076 -0.0018622590042003274 
0.013636363636363677 -0.00454545454545456 
0.0093167751899457685 0.0085496194964556575 
0.0062223721727481789 0.01520814237848696 
0.0044096092968067581 0.013890507074794873 
0.0069488568802036051 0.017413951721779893 
0.0075632998948660692 0.020029047889990728 
0.0081818181818181877 0.022727272727272731 
0.0069773544319720673 0.010041114365179148 
0.0022618205219319424 0.012702481034882005 
0.0046439332835656712 0.011341815268592815 
0.0092814840968678224 0.005883626671115744 
0.0088737115536124279 0.0036788601399552791 
0.0097523232684802313 0.0016189627278172347 
0.01030501894325214 -0.00098154621963768784 
0.010909090909090959 -0.0036363636363636537 
0.0069970020217950324 0.0072942734217376947 
0.0044585873822212954 0.016553812628303927 
0.0022534254383641205 0.015463055881951163 
0.0049039281591606023 0.019148966024980257 
0.0054545454545454584 0.021818181818181823 
0 0.01428571428571429 
-0.0015299726747798838 0.014908969830689412 
0.0046607262487528027 0.0086318278136475191 
0 0.011428571428571434 
0.0023176660996178538 0.0099826368141295741 
0.0069950776615892683 0.0047382437791097364 
0.0071328342031491288 0.0021852472832312093 
0.0076424550510901254 -0.00017014749857184074 
0.0081818181818182414 -0.0027272727272727474 
0.0046893359995189279 0.0059480797374848633 
0 0.017142857142857147 
0.0023905354292247279 0.018202963125154733 
0.0027272727272727292 0.020909090909090912 
-0.0025051472906019059 0.016214128069372918 
-0.0017062599069048417 0.012853251596622315 
-0.0032438203109674897 0.014254088378855452 
0.0023385205891744971 0.0072155980220006575 
-0.0017478402869459343 0.010757679612168794 
0 0.0085714285714285788 
0.0047456862680713479 0.0032665168277513767 
0.0050178547763375311 0.00070298312640852429 
0.0054545454545455226 -0.0018181818181818414 
0.0023629796351101713 0.0044441963386631098 
-0.0023889254058280973 0.018029085112225535 
0 0.02 
-0.0044370444359131851 0.01649676676558029 
-0.0037150690653287889 0.011484550988780227 
-0.0055334301491841934 0.013569590714007299 
0 0.0057142857142857221 
-0.0026380013233905657 0.009080401784199053 
-0.0017812047357081643 0.0071522805989758503 
-0.0047785274903672298 0.0093646707834370152 
0.0024043349538962529 0.0016635548733131768 
0.0027272727272728047 -0.00090909090909093511 
0 0.0028571428571428654 
-0.0044699069986797128 0.01832846542780768 
-0.0029411764705881919 0.020000000000000004 
-0.0065605874931908637 0.017493122474007115 
-0.0073147058698362936 0.015154724152737815 
-0.008124685735754816 0.012541082955388909 
-0.0063617783680319454 0.010956024469078365 
-0.0065596672760774898 0.0091282165710767239 
-0.0022254692964765346 0.0052492803081853941 
-0.0037733566246536095 0.0071698524547423089 
-0.0057196126405987093 0.007536146822904613 
0 0 
-0.0019929243620485232 0.0015727756624860413 
-0.0030722089515279639 0.0033532248406500671 
-0.0090252771470167321 0.01665888267295771 
-0.005882352941176428 0.020000000000000004 
-0.0082342375665228392 0.018319895824959197 
-0.010335077071395077 0.014354954019639954 
-0.010651332804379608 0.011506282226658261 
-0.0084972152196595794 0.0097608242688882966 
-0.0074412026617299825 0.0080234165110753264 
-0.0072386762021330866 0.0066036084584726942 
-0.0053539763092306366 0.0051124033023754326 
-0.0039512363881264168 0.0016535106146372742 
-0.0029411764705882357 0 
-0.0054598541033931891 0.0026300197652614479 
-0.012448958168250238 0.01296291644136475 
-0.011675927494154375 0.016604191339465592 
-0.010265919875633739 0.018268119849186765 
-0.0088235294117646641 0.020000000000000004 
-0.013197352482753423 0.015036488955108623 
-0.011026834808923042 0.0090683481655687466 
-0.013362669307886224 0.010776850680148307 
-0.0092042445906784232 0.0072765940595633368 
-0.0081631873109810297 0.0049623720183817662 
-0.0071829317346476778 0.003374333621902763 
-0.0058823529411764714 0 
-0.0073494871342752455 0.0016869119358374027 
-0.011422692166906688 0.0071534447047762167 
-0.01479507102035847 0.013158615941472253 
-0.013997009999136967 0.01728448732606604 
-0.01244603750880246 0.018298647118640321 
-0.011764705882352899 0.020000000000000004 
-0.015932071143225399 0.015853768662643146 
-0.013203516216975674 0.0081148863763710853 
-0.016389383223735152 0.011219698969865605 
-0.015586676795581657 0.0088972467445060637 
-0.010639257526815609 0.0053645414328333529 
-0.0094913494313709802 0.0029887054077388686 
-0.0088235294117647075 0 
-0.013039607691140695 0.0059428534895445617 
-0.017536092445641027 0.013646424065134052 
-0.015912010045371461 0.018244584560156787 
-0.014705882352941136 0.020000000000000004 
-0.017454169349634605 0.017631469170733022 
-0.018599855605672466 0.01598143280849644 
-0.019079733418462669 0.011541304326935023 
-0.015352622183670197 0.0066361304180469257 
-0.017971098614791348 0.009281523170236311 
-0.017055713287331589 0.0074764197469208062 
-0.012513250799012743 0.0038640617586055501 
-0.01176780210209985 0.0016687170866112476 
-0.011764705882352941 0 
-0.015104342295123821 0.0045252952285250994 
-0.020208307818946596 0.014158597133189212 
-0.02155169206612341 0.011921095185989571 
-0.019080617528531116 0.018084467596800446 
-0.017647058823529373 0.020000000000000004 
-0.021113768333230871 0.016809435777678083 
-0.023271426244973616 0.010446783951766108 
-0.020821826341538487 0.0090204874371953899 
-0.022984192114871807 0.0082712270985923052 
-0.017337659529362375 0.0054886401183139363 
-0.019097630094032408 0.0071360876754259905 
-0.015009178219139153 0.0021344112506877701 
-0.014705882352941175 0 
-0.017373735348417758 0.0030856743359518484 
-0.022741048185395869 0.014547398342416968 
-0.024250181886001976 0.012743587391752315 
-0.022709867739539442 0.018316865730187742 
-0.020588235294117609 0.020000000000000004 
-0.023868446160413021 0.016577288832655784 
-0.025808857517887848 0.010900791932503128 
-0.024883777234110886 0.0087597015310422847 
-0.02405587097570723 0.0069678339929257508 
-0.021888059778028816 0.006161328580031984 
-0.019624743390184576 0.0043675695149377001 
-0.017647058823529408 0 
-0.019468834197812 0.0020183129439485976 
-0.025416903723109147 0.014952849348343865 
-0.026991649108039376 0.013116147825961827 
-0.024492910822749538 0.018300531974252094 
-0.023529411764705844 0.020000000000000004 
-0.026135568352961543 0.017238355848486674 
-0.028298920343826403 0.011328960935092326 
-0.029683957413434037 0.013427625684908594 
-0.02715719029037483 0.0090095699594039038 
-0.025947081488196567 0.0068608420464694887 
-0.024547169565941013 0.0046991841798504387 
-0.022083440607348317 0.0026516828050663871 
-0.020588235294117643 0 
-0.028294000440739438 0.015640339842955625 
-0.026470588235294079 0.020000000000000004 
-0.028167795836973257 0.018050722202307874 
-0.031182395142446469 0.015256782264886927 
-0.03037344299340999 0.011398111918251944 
-0.029755208140856811 0.0092218029399102619 
-0.032239103950153773 0.012756832192424397 
-0.028188696318878267 0.0069332903818101962 
-0.026837706756596681 0.0051790129902632709 
-0.026573151770902605 0.0030114088094883376 
-0.02459013166326568 0.0020775965616220819 
-0.023529411764705875 0 
-0.034742949127087849 0.01303665912268044 
-0.030451619677317656 0.017524832291064836 
-0.029411764705882318 0.020000000000000004 
-0.032966712611334693 0.017103501825053907 
-0.033702651422015353 0.015015390149557285 
-0.035671502445125125 0.014544635934126773 
-0.031929294287364088 0.010257551071252449 
-0.031600851676829453 0.0084422509230486099 
-0.03046765811547621 0.0068665143776571692 
-0.034059037265318622 0.010905705135433152 
-0.028966972279537331 0.0044614403180773393 
-0.028402075897803459 0.0020436804457016427 
-0.026470588235294107 0 
-0.036168318645843585 0.011500498904850087 
-0.036686430010161121 0.013356962861948984 
-0.03235294117647055 0.020000000000000004 
-0.034537209620069266 0.018323386093341134 
-0.03561438967266628 0.016490062746774788 
-0.037449581332686416 0.015077281482124472 
-0.033494634310541102 0.0087120575319590502 
-0.032357463529909064 0.0071533286944641134 
-0.031936684578400099 0.0049868610768165423 
-0.035784214907108848 0.0090333186548190222 
-0.030587902497400926 0.0027455531009425355 
-0.032701044570902608 0.0031994281210799627 
-0.029411764705882339 0 
-0.038000230427704659 0.010378378578815595 
-0.038287206738500633 0.013713283802748328 
-0.037799021771723139 0.012269417925163806 
-0.036449219114780315 0.018356408951093479 
-0.035294117647058788 0.020000000000000004 
-0.038518150842042791 0.017023237480956355 
-0.039678904075205072 0.014863031148163074 
-0.037695863468888882 0.0084577955210676167 
-0.038974709314991092 0.0089078760801568017 
-0.039767948146281408 0.010031338062051408 
-0.034437385323770997 0.0063689174371267913 
-0.034014431637210713 0.004183904393305308 
-0.036752536103381542 0.0067587602279382186 
-0.034560830871853111 0.0024735017089032151 
-0.032352134557672912 0.0014697354515890342 
-0.03235294117647057 0 
-0.039960925240758012 0.012287596427781237 
-0.041506946644210709 0.010143013689293878 
-0.038235294117647027 0.020000000000000004 
-0.040328259958348503 0.018325522275575885 
-0.041539777604618008 0.016341699119027938 
-0.042241247680912718 0.014124698858494043 
-0.039002756658630816 0.0072323066070168369 
-0.040396929103742547 0.0084398255342095253 
-0.042119846151550955 0.0081780362374007549 
-0.036328811535295158 0.0041516062581318271 
-0.03884203330205134 0.005015912986477745 
-0.036674445282978453 0.00183633602931316 
-0.035294117647058802 0 
-0.043312667079947263 0.011830021028047553 
-0.043613162290015169 0.0091569877043687995 
-0.042171606639199381 0.018262674777895123 
-0.041176470588235259 0.020000000000000004 
-0.043721537159379834 0.015655284350129091 
-0.043944441826025867 0.017455183696789129 
-0.044748472412467627 0.014076141948850296 
-0.04577030855070352 0.012346169994133013 
-0.04122950654164078 0.0062609327848688369 
-0.043642944258136224 0.0068976603191149323 
-0.04133432845536416 0.003386508334355387 
-0.038925228703876186 0.0025792515010236161 
-0.038235294117647034 0 
-0.045903225849914152 0.010045069727310743 
-0.045193343756331716 0.0078481252250449402 
-0.044117647058823498 0.020000000000000004 
-0.046119878940043338 0.016289611755862677 
-0.045996203554091161 0.018181832177819962 
-0.047977705175045737 0.015693679450695105 
-0.047200575947176318 0.014000817881258619 
-0.047662006241609101 0.011776995263636545 
-0.048216604083213259 0.0099330101089211628 
-0.04345049549822632 0.0046201762491667915 
-0.045679993569875746 0.0058375080761829618 
-0.043609598880271154 0.0023160175408030435 
-0.041176470588235259 0 
-0.047547531922396837 0.0077120468563678449 
-0.047058823529411736 0.020000000000000004 
-0.048904056109630362 0.014679013880293149 
-0.048367351558677024 0.017597782000456884 
-0.049282771885483724 0.01590254276840701 
-0.049953234812433085 0.0088311623719998424 
-0.049197273400963838 0.013151653775573771 
-0.049741673626440448 0.011068669496882746 
-0.047987438035420056 0.0048315197395704503 
-0.045928884609360086 0.0035018636497095904 
-0.045822798863407746 0.0016716379485471654 
-0.044117647058823491 0 
-0.050409512112173392 0.0062902340462735471 
-0.049999999999999968 0.020000000000000004 
-0.050408175493215086 0.01469573106718987 
-0.052551681816220129 0.017893074034231626 
-0.050600024830652117 0.016841853144537493 
-0.052027304390747174 0.0082146719916870135 
-0.051685185511363939 0.010376733240603399 
-0.051246633831236371 0.012691510494716377 
-0.053602135893556148 0.0078222122971823849 
-0.052845372570690552 0.0064223990922594445 
-0.050227472981127883 0.0036145609403363099 
-0.048131233017586386 0.0020329048685524451 
-0.047058823529411722 0 
-0.052280917715588494 0.0044076648930302413 
-0.052941176470588207 0.020000000000000004 
-0.054541452281749593 0.018381059034163393 
-0.05451045924734247 0.016797175061405996 
-0.053003016293239842 0.014939961255516776 
-0.053626715590629176 0.0095420267821127256 
-0.053441902473560426 0.011916771217548318 
-0.05432648853223318 0.0068040322187144821 
-0.055130165973577103 0.0082066309001357762 
-0.05433429445036831 0.0051893549914135539 
-0.050665504172978063 0.0016009905207096317 
-0.051979667391562581 0.0026027063951942278 
-0.049999999999999954 0 
-0.053851079394049345 0.0029857608035718103 
-0.055882352941176439 0.020000000000000004 
-0.056656660475499887 0.017551213072816953 
-0.055799485370002892 0.015220567910301228 
-0.055213866515036111 0.013234399805795114 
-0.057770504883106769 0.01556208711939624 
-0.055873599300970252 0.010715141045519455 
-0.055981882007386345 0.0064814946282779704 
-0.05732268549863534 0.0083533684135492382 
-0.056280677443046129 0.0041448695663936991 
-0.052941176470588186 0 
-0.055320321974510256 0.0017574953022416683 
-0.058823529411764677 0.020000000000000004 
-0.059271502354038566 0.016892313457182385 
-0.057645455329235359 0.01323395325461423 
-0.0594404195374603 0.014745846078156745 
-0.058702522369550814 0.010535532459368007 
-0.059359622829637387 0.0085589752463163769 
-0.06078871802604012 0.0076135355125651772 
-0.061504970600641452 0.017689176665713732 
-0.058979601761211288 0.0060508795002667858 
-0.058856888695424561 0.0034626992928499991 
-0.057531640287098701 0.0018785214932640381 
-0.055882352941176411 0 
-0.06350962891919136 0.018451913109625833 
-0.061764705882352916 0.020000000000000004 
-0.061797557326465614 0.015363235851390215 
-0.060717411500209553 0.012621832817595324 
-0.061273997947833524 0.009712133042479764 
-0.061888148095422611 0.0058207977875789352 
-0.062425392972178174 0.0079180627412250813 
-0.063837057190053947 0.016811470770967781 
-0.064474648825622483 0.015004898154756556 
-0.060947900469698807 0.0039521496873252135 
-0.060026071256670269 0.0019060647980988612 
-0.058823529411764636 0 
-0.065677354775904986 0.018245760208479664 
-0.064705882352941155 0.020000000000000004 
-0.063577771178351727 0.013195986643945593 
-0.062988572536265219 0.011195568438571965 
-0.06381421229291144 0.0093916238074366783 
-0.063489015092924872 0.0044254592667812946 
-0.064295649682132569 0.0069306995732293184 
-0.066083290157785413 0.013519475710250379 
-0.066590488597827388 0.016176973371503544 
-0.06777401277188666 0.018034203998780817 
-0.062681761123988808 0.0021763234678037232 
-0.061764705882352861 0 
-0.069623252758905879 0.018388847325087838 
-0.06764705882352938 0.020000000000000004 
-0.065156991689344981 0.0027742670546169724 
-0.06554386156582967 0.011238754414642844 
-0.065684910327845958 0.0088603479895888147 
-0.067934860152088744 0.012036909933286242 
-0.065935857889645746 0.005013381464839691 
-0.066853336922260295 0.0072049009486450108 
-0.068776526218755768 0.014234451190894013 
-0.069748382537481071 0.01253580894799928 
-0.069707563653566368 0.016341603472843271 
-0.066685513211160508 0.0017017505450118665 
-0.064705882352941085 0 
-0.071555615291780006 0.018135624730101513 
-0.073483088318537032 0.017803306821351693 
-0.070588235294117618 0.020000000000000004 
-0.06744817777105587 0.003330848836983734 
-0.067893840045713014 0.0095512216993466105 
-0.069544846147455805 0.010956771747138593 
-0.068371976180155947 0.0054141131087818151 
-0.068929741566874828 0.007487597892404693 
-0.071466335032612793 0.011566395940073453 
-0.071408284048716353 0.014079490718892026 
-0.072483001540432176 0.016225617051009066 
-0.07313435998121566 0.01250179776970089 
-0.068510992459626441 0.0016857975618519373 
-0.06764705882352931 0 
-0.074443439363566816 0.016554240059358256 
-0.075406117464825381 0.018099477664392807 
-0.073529411764705857 0.020000000000000004 
-0.070190558904954944 0.0032391122660675332 
-0.070695411673829964 0.0090608736184481075 
-0.070834143012414849 0.0062068800868019195 
-0.073529495048005017 0.010241168795196248 
-0.074304136622498601 0.014435719921853747 
-0.074963549154245551 0.012186213472488982 
-0.073917448901598681 0.0024180898651231788 
-0.070588235294117535 0 
-0.07225932216744102 0.0019871007177055498 
-0.076886456713152709 0.015964884958969489 
-0.077623720393695805 0.018274434146677371 
-0.076470588235294096 0.020000000000000004 
-0.073073785025595417 0.0042720427342318101 
-0.073205463063121631 0.0073492500915311081 
-0.075175206573934478 0.0034860861985511948 
-0.075677747784806973 0.010476102597549591 
-0.075482074348771702 0.0085379651628604246 
-0.076810018308222691 0.013537633052379417 
-0.076781740740098942 0.011614805939227386 
-0.079065794894588037 0.014598910279752894 
-0.075769375864853564 0.0018960152781684145 
-0.07352941176470576 0 
-0.08124900606605566 0.015263462387902146 
-0.079987164828060481 0.017236105052537268 
-0.079411764705882348 0.020000000000000004 
-0.075610722140921793 0.005770315707274128 
-0.07725845198956123 0.0035949648947021708 
-0.077632181327115871 0.0098005553503889339 
-0.077429032477477122 0.0076382581013177244 
-0.078868726269573419 0.012077235021292997 
-0.080607085266003714 0.01350565562466036 
-0.079770948124904595 0.010136153356486374 
-0.078265147724027276 0.0018769507106339428 
-0.076470588235293985 0 
-0.082442909798304403 0.01392801400675037 
-0.08224120590017317 0.016724141147876292 
-0.083150076073306878 0.015585911160931984 
-0.082352629658375281 0.018421968354279634 
-0.082352941176470573 0.020000000000000004 
-0.079651590322434046 0.0033578157512604758 
-0.078812463956577691 0.0055816561786899465 
-0.079414999544178314 0.008123367273988033 
-0.080851364613938867 0.004610582069503026 
-0.081549604182836438 0.01165077568667011 
-0.0814379516024758 0.0091857965263177979 
-0.080353524380690336 0.0017570080146466641 
-0.07941176470588221 0 
-0.084144969366308192 0.012700392965541827 
-0.084033460926360354 0.014526994628161538 
-0.084093344368089309 0.017285375093610961 
-0.084840779093584479 0.015785834142893723 
-0.085294117647058812 0.020000000000000004 
-0.081973441140434283 0.002892193993783515 
-0.081409023112297266 0.0066981931236198321 
-0.082416346286132577 0.004896979845784832 
-0.083573204215364669 0.010307595898174149 
-0.083088474502484383 0.0082332365472285243 
-0.082352941176470434 0 
-0.083878770368567029 0.0019427806825618339 
-0.085799702081097995 0.011504177934758643 
-0.086245681251323814 0.014337107844963403 
-0.086681332848842052 0.017193781986800719 
-0.088235294117647051 0.020000000000000004 
-0.084006596568223665 0.0040244910631583117 
-0.083841305995768903 0.0062594389788594778 
-0.085436927474623878 0.0085564923064140857 
-0.085766755310648132 0.0027972183558673432 
-0.085294117647058659 0 
-0.087693128484796448 0.012746973192049418 
-0.087775446707294133 0.01031644917498354 
-0.089186248045890884 0.011881745233352919 
-0.088434640781204485 0.015167727202539732 
-0.089633295223841322 0.01764992027239062 
-0.091176470588235289 0.020000000000000004 
-0.094117647058823528 0.020000000000000004 
-0.086220268962712954 0.0055090917933306796 
-0.087760089857644219 0.0077654558175636081 
-0.087356014318857964 0.0017522937875930702 
-0.087878562613794536 0.0035655429693091565 
-0.088235294117646884 0 
-0.089683164405591445 0.013547932406582138 
-0.089360000009924376 0.0089417495898750487 
-0.089944039846127699 0.010454261363559453 
-0.090520131593903957 0.012088933078422362 
-0.090990791872488153 0.015525197697151827 
-0.092589418750772479 0.017870868626087839 
-0.095184955793342213 0.018216608703595996 
-0.097002945546670744 0.017986715964137083 
-0.097058823529411767 0.020000000000000004 
-0.090014446916736643 0.007305991413054074 
-0.088886383814036907 0.0055802898780167656 
-0.089460032655782479 0.0020553619051925497 
-0.090188833966903192 0.0039404716876349473 
-0.091176470588235109 0 
-0.091823413266480802 0.013339264320899286 
-0.091219425788147415 0.0092032144147449028 
-0.091973382402842307 0.011155676998618396 
-0.093790073386869011 0.015566414420859865 
-0.096372570556324755 0.016298984527281898 
-0.09798387574833603 0.01704122938655038 
-0.098398480530940996 0.018387462385800513 
-0.10000000000000001 0.02 
-0.09238420073446145 0.0075581760140839742 
-0.091277491583228981 0.0057068331119960042 
-0.091601767555932773 0.0025575962560980582 
-0.092028765578643479 0.0041772060051971423 
-0.093267638483913479 0.0017737724997842251 
-0.094117647058823334 0 
-0.094057199927124774 0.012523684641898125 
-0.093669741327461697 0.0098531915902373562 
-0.096076433867829811 0.01384239115746032 
-0.098197138994900707 0.015140547531087735 
-0.10000000000000001 0.01714285714285714 
-0.094498998378139895 0.0077213405161752624 
-0.093625100413054038 0.0055584850382962474 
-0.093644487245588756 0.0033721267209275763 
-0.095300931196705671 0.001987166889286047 
-0.097058823529411559 0 
-0.09583452024492678 0.01120941444819986 
-0.095572518952693808 0.0091940758269161236 
-0.097960877107775166 0.012539794575661534 
-0.10000000000000001 0.014285714285714282 
-0.095620671160459025 0.0064142732277464821 
-0.096202165273946844 0.0078543039770325607 
-0.09614883612935439 0.0043009333316327732 
-0.097568154733142468 0.0024761687833717073 
-0.098639893580252047 0.0013948877469083958 
-0.10000000000000001 0 
-0.097657169538993824 0.0093321286029355768 
-0.10000000000000001 0.011428571428571425 
-0.097707914285297043 0.0066501978579490782 
-0.098284981029558793 0.0043997457088764264 
-0.10000000000000001 0.0028571428571428563 
-0.10000000000000001 0.0085714285714285701 
-0.10000000000000001 0.0057142857142857125 
