0 1 
1 2 
3 0 
4 3 
2 7 
7 8 
8 11 
11 12 
12 13 
13 14 
15 4 
16 15 
14 29 
29 31 
32 16 
33 32 
31 49 
49 50 
50 54 
54 55 
56 33 
57 56 
55 81 
81 82 
85 57 
82 112 
117 85 
112 132 
152 117 
154 152 
164 154 
165 164 
166 165 
167 166 
168 167 
169 168 
170 169 
132 177 
177 179 
217 170 
219 217 
220 219 
221 220 
222 221 
179 226 
226 227 
227 254 
254 255 
255 256 
256 257 
257 258 
258 259 
259 260 
284 222 
286 284 
260 325 
325 327 
327 328 
328 329 
356 286 
358 356 
359 358 
329 402 
402 403 
403 405 
435 359 
437 435 
405 484 
484 485 
485 486 
519 437 
486 569 
569 570 
602 519 
570 655 
686 602 
655 734 
764 686 
734 807 
835 764 
807 874 
899 835 
874 935 
957 899 
935 990 
1010 957 
990 1038 
1057 1010 
1038 1082 
1100 1057 
1082 1124 
1140 1100 
1124 1163 
1177 1140 
1163 1199 
1211 1177 
1199 1232 
1242 1211 
1232 1262 
1271 1242 
1262 1289 
1297 1271 
1289 1313 
1316 1315 
1317 1316 
1320 1297 
1321 1317 
1315 1322 
1322 1323 
1323 1324 
1324 1326 
1313 1334 
1340 1321 
1340 1320 
1326 1345 
1345 1347 
1347 1348 
1348 1349 
1334 1352 
1349 1353 
1359 1340 
1352 1368 
1353 1368 
1375 1359 
1368 1385 
1391 1375 
1385 1400 
1406 1391 
1400 1414 
1420 1406 
1414 1427 
1433 1420 
1427 1441 
1446 1433 
1441 1453 
1459 1446 
1453 1467 
1472 1459 
1473 1476 
1467 1481 
1483 1473 
1485 1472 
1476 1491 
1481 1494 
1497 1483 
1497 1485 
1491 1501 
1494 1506 
1501 1507 
1509 1497 
1507 1518 
1506 1518 
1522 1509 
1518 1531 
1536 1522 
1531 1543 
1549 1536 
1543 1556 
1560 1549 
1556 1569 
1574 1560 
1569 1582 
1587 1574 
1582 1594 
1599 1587 
1594 1607 
1609 1599 
1607 1619 
1622 1609 
1619 1632 
1635 1622 
1632 1645 
1650 1635 
1645 1661 
1664 1650 
1661 1674 
1678 1664 
1674 1687 
1690 1678 
1687 1700 
1702 1690 
1700 1712 
1714 1702 
1712 1725 
1727 1714 
1725 1738 
1740 1727 
1738 1749 
1751 1740 
1749 1762 
1764 1751 
1762 1774 
1776 1764 
1774 1786 
1788 1776 
1786 1799 
1802 1788 
1799 1813 
1816 1802 
1813 1824 
1828 1816 
1824 1838 
1841 1828 
1838 1850 
1855 1841 
1850 1863 
1868 1855 
1863 1874 
1879 1868 
1874 1884 
1890 1879 
1891 1890 
1884 1896 
1905 1891 
1896 1910 
1918 1905 
1910 1924 
1929 1918 
1924 1934 
1938 1929 
1934 1944 
1946 1938 
1944 1949 
1950 1946 
1949 1951 
1951 1950 
