0 3 5 
1 0 6 
6 0 5 
2 1 9 
9 1 6 
7 2 10 
10 2 9 
3 4 17 
5 3 17 
4 15 18 
17 4 18 
5 17 19 
6 5 20 
20 5 19 
9 6 21 
21 6 20 
8 7 22 
22 7 10 
11 8 23 
23 8 22 
10 9 24 
24 9 21 
22 10 25 
25 10 24 
12 11 26 
26 11 23 
13 12 27 
12 26 27 
14 13 28 
28 13 27 
29 14 30 
30 14 28 
15 16 34 
18 15 34 
16 32 35 
34 16 35 
17 18 36 
19 17 36 
18 34 37 
36 18 37 
19 36 38 
20 19 39 
39 19 38 
21 20 40 
40 20 39 
24 21 41 
41 21 40 
23 22 42 
42 22 25 
26 23 43 
43 23 42 
25 24 44 
44 24 41 
42 25 45 
45 25 44 
27 26 46 
46 26 43 
28 27 47 
47 27 46 
30 28 48 
48 28 47 
31 29 51 
51 29 30 
51 30 52 
30 48 52 
49 31 53 
53 31 51 
32 33 58 
35 32 58 
33 56 59 
58 33 59 
34 35 60 
37 34 60 
35 58 61 
60 35 61 
36 37 62 
38 36 62 
37 60 63 
62 37 63 
38 62 64 
39 38 65 
65 38 64 
40 39 66 
66 39 65 
41 40 67 
67 40 66 
44 41 68 
68 41 67 
43 42 69 
69 42 45 
46 43 70 
70 43 69 
45 44 71 
71 44 68 
69 45 72 
45 71 72 
47 46 73 
73 46 70 
48 47 74 
74 47 73 
52 48 75 
75 48 74 
50 49 76 
76 49 53 
54 50 77 
77 50 76 
53 51 78 
78 51 52 
78 52 79 
79 52 75 
76 53 80 
80 53 78 
55 54 83 
83 54 77 
81 55 84 
84 55 83 
56 57 86 
59 56 86 
57 85 87 
86 57 87 
58 59 88 
61 58 88 
59 86 89 
88 59 89 
60 61 90 
63 60 90 
61 88 91 
90 61 91 
62 63 92 
64 62 92 
63 90 93 
92 63 93 
64 92 94 
65 64 95 
95 64 94 
66 65 96 
96 65 95 
67 66 97 
97 66 96 
68 67 98 
98 67 97 
71 68 99 
99 68 98 
70 69 100 
100 69 72 
73 70 101 
101 70 100 
72 71 102 
102 71 99 
100 72 103 
103 72 102 
74 73 104 
104 73 101 
75 74 105 
105 74 104 
79 75 106 
106 75 105 
77 76 107 
107 76 80 
83 77 108 
108 77 107 
80 78 109 
109 78 79 
109 79 110 
110 79 106 
107 80 111 
111 80 109 
82 81 113 
113 81 84 
112 82 114 
114 82 113 
84 83 115 
115 83 108 
113 84 116 
116 84 115 
85 117 118 
87 85 118 
86 87 119 
89 86 119 
87 118 120 
119 87 120 
88 89 121 
91 88 121 
89 119 122 
121 89 122 
90 91 123 
93 90 123 
91 121 124 
123 91 124 
92 93 125 
94 92 125 
93 123 126 
125 93 126 
94 125 127 
95 94 128 
128 94 127 
96 95 129 
129 95 128 
97 96 130 
130 96 129 
98 97 131 
131 97 130 
99 98 133 
133 98 131 
102 99 134 
134 99 133 
101 100 135 
135 100 103 
104 101 136 
136 101 135 
103 102 137 
102 134 137 
135 103 138 
138 103 137 
105 104 139 
139 104 136 
106 105 140 
140 105 139 
110 106 141 
141 106 140 
108 107 142 
142 107 111 
115 108 143 
143 108 142 
111 109 144 
144 109 110 
144 110 145 
145 110 141 
142 111 146 
146 111 144 
132 112 147 
147 112 114 
114 113 148 
148 113 116 
147 114 149 
149 114 148 
116 115 150 
150 115 143 
148 116 151 
151 116 150 
117 152 153 
118 117 153 
118 153 155 
120 118 155 
119 120 156 
122 119 156 
120 155 157 
156 120 157 
121 122 158 
124 121 158 
122 156 159 
158 122 159 
123 124 160 
126 123 160 
124 158 161 
160 124 161 
125 126 162 
127 125 162 
126 160 163 
162 126 163 
127 162 171 
128 127 172 
172 127 171 
129 128 173 
173 128 172 
130 129 174 
174 129 173 
131 130 175 
175 130 174 
133 131 176 
176 131 175 
177 132 178 
178 132 147 
134 133 180 
180 133 176 
137 134 181 
181 134 180 
136 135 182 
182 135 138 
139 136 183 
183 136 182 
138 137 184 
184 137 181 
182 138 185 
185 138 184 
140 139 186 
186 139 183 
141 140 187 
187 140 186 
145 141 188 
188 141 187 
143 142 189 
189 142 146 
150 143 190 
190 143 189 
146 144 191 
191 144 145 
191 145 192 
192 145 188 
189 146 193 
193 146 191 
178 147 194 
194 147 149 
149 148 195 
195 148 151 
194 149 196 
196 149 195 
151 150 197 
197 150 190 
195 151 198 
198 151 197 
152 154 199 
153 152 199 
153 199 200 
155 153 200 
154 164 201 
199 154 201 
155 200 202 
157 155 202 
156 157 203 
159 156 203 
157 202 204 
203 157 204 
158 159 205 
161 158 205 
159 203 206 
205 159 206 
160 161 207 
163 160 207 
161 205 208 
207 161 208 
162 163 209 
171 162 209 
163 207 210 
209 163 210 
164 165 211 
201 164 211 
165 166 212 
211 165 212 
166 167 213 
212 166 213 
167 168 214 
213 167 214 
168 169 215 
214 168 215 
169 170 216 
215 169 216 
170 217 218 
216 170 218 
173 172 223 
171 209 224 
172 171 225 
223 172 225 
225 171 224 
175 174 228 
174 173 229 
228 174 229 
229 173 223 
176 175 230 
230 175 228 
180 176 231 
231 176 230 
179 177 232 
232 177 178 
232 178 233 
233 178 194 
226 179 234 
234 179 232 
181 180 235 
235 180 231 
184 181 236 
236 181 235 
183 182 237 
237 182 185 
186 183 238 
238 183 237 
185 184 239 
239 184 236 
237 185 240 
240 185 239 
187 186 241 
241 186 238 
188 187 242 
242 187 241 
192 188 243 
243 188 242 
190 189 244 
244 189 193 
197 190 245 
245 190 244 
193 191 246 
246 191 192 
246 192 247 
247 192 243 
244 193 248 
248 193 246 
233 194 249 
249 194 196 
196 195 250 
250 195 198 
249 196 251 
251 196 250 
198 197 252 
252 197 245 
250 198 253 
253 198 252 
199 201 261 
200 199 261 
200 261 262 
202 200 262 
201 211 263 
261 201 263 
202 262 264 
204 202 264 
203 204 265 
206 203 265 
204 264 266 
265 204 266 
205 206 267 
208 205 267 
206 265 268 
267 206 268 
207 208 269 
210 207 269 
208 267 270 
269 208 270 
209 210 271 
224 209 271 
210 269 272 
271 210 272 
211 212 273 
263 211 273 
212 213 274 
273 212 274 
213 214 275 
274 213 275 
214 215 276 
275 214 276 
215 216 277 
276 215 277 
216 218 278 
277 216 278 
217 219 279 
218 217 279 
218 279 280 
278 218 280 
219 220 281 
279 219 281 
220 221 282 
281 220 282 
221 222 283 
282 221 283 
222 284 285 
283 222 285 
229 223 287 
223 225 288 
287 223 288 
224 271 289 
225 224 290 
288 225 290 
290 224 289 
227 226 291 
291 226 234 
254 227 292 
292 227 291 
230 228 293 
228 229 294 
293 228 294 
294 229 287 
231 230 295 
295 230 293 
235 231 296 
296 231 295 
234 232 297 
297 232 233 
297 233 298 
298 233 249 
291 234 299 
299 234 297 
236 235 300 
300 235 296 
239 236 301 
301 236 300 
238 237 302 
302 237 240 
241 238 303 
303 238 302 
240 239 304 
304 239 301 
302 240 305 
305 240 304 
242 241 306 
306 241 303 
243 242 307 
307 242 306 
247 243 308 
308 243 307 
245 244 309 
309 244 248 
252 245 310 
310 245 309 
248 246 311 
311 246 247 
311 247 312 
312 247 308 
309 248 313 
313 248 311 
298 249 314 
314 249 251 
251 250 315 
315 250 253 
314 251 316 
316 251 315 
253 252 317 
317 252 310 
315 253 318 
318 253 317 
255 254 319 
319 254 292 
256 255 320 
320 255 319 
257 256 321 
321 256 320 
258 257 322 
322 257 321 
259 258 323 
323 258 322 
260 259 324 
324 259 323 
325 260 326 
326 260 324 
294 287 330 
261 263 331 
262 261 331 
262 331 332 
264 262 332 
263 273 333 
331 263 333 
264 332 334 
266 264 334 
265 266 335 
268 265 335 
266 334 336 
335 266 336 
267 268 337 
270 267 337 
268 335 338 
337 268 338 
270 337 339 
269 270 340 
272 269 340 
340 270 339 
271 272 341 
289 271 341 
272 340 342 
341 272 342 
273 274 343 
333 273 343 
274 275 344 
343 274 344 
275 276 345 
344 275 345 
276 277 346 
345 276 346 
277 278 347 
346 277 347 
278 280 348 
347 278 348 
279 281 349 
280 279 349 
280 349 350 
348 280 350 
281 282 351 
349 281 351 
282 283 352 
351 282 352 
283 285 353 
352 283 353 
284 286 354 
285 284 354 
285 354 355 
353 285 355 
286 356 357 
354 286 357 
289 341 360 
288 290 361 
287 288 362 
330 287 362 
362 288 361 
290 289 363 
361 290 363 
363 289 360 
292 291 364 
364 291 299 
319 292 365 
365 292 364 
295 293 366 
293 294 367 
366 293 367 
367 294 330 
300 296 368 
296 295 369 
368 296 369 
369 295 366 
299 297 370 
370 297 298 
370 298 371 
371 298 314 
364 299 372 
372 299 370 
304 301 373 
301 300 374 
373 301 374 
374 300 368 
303 302 375 
375 302 305 
306 303 376 
376 303 375 
375 305 377 
305 304 378 
377 305 378 
378 304 373 
307 306 379 
379 306 376 
308 307 380 
380 307 379 
312 308 381 
381 308 380 
310 309 382 
382 309 313 
317 310 383 
383 310 382 
313 311 384 
384 311 312 
384 312 385 
385 312 381 
382 313 386 
386 313 384 
371 314 387 
387 314 316 
316 315 388 
388 315 318 
387 316 389 
389 316 388 
318 317 390 
390 317 383 
388 318 391 
391 318 390 
320 319 392 
392 319 365 
321 320 393 
393 320 392 
322 321 394 
394 321 393 
323 322 395 
395 322 394 
324 323 396 
396 323 395 
326 324 397 
397 324 396 
327 325 398 
398 325 326 
398 326 399 
399 326 397 
328 327 400 
400 327 398 
329 328 401 
401 328 400 
402 329 404 
404 329 401 
367 330 406 
330 362 406 
331 333 407 
332 331 407 
332 407 408 
334 332 408 
333 343 409 
407 333 409 
334 408 410 
336 334 410 
335 336 411 
338 335 411 
336 410 412 
411 336 412 
337 338 413 
339 337 413 
338 411 414 
413 338 414 
339 413 415 
340 339 416 
342 340 416 
416 339 415 
341 342 417 
360 341 417 
342 416 418 
417 342 418 
343 344 419 
409 343 419 
344 345 420 
419 344 420 
345 346 421 
420 345 421 
346 347 422 
421 346 422 
347 348 423 
422 347 423 
348 350 424 
423 348 424 
349 351 425 
350 349 425 
350 425 426 
424 350 426 
351 352 427 
425 351 427 
352 353 428 
427 352 428 
353 355 429 
428 353 429 
354 357 430 
355 354 430 
355 430 431 
429 355 431 
356 358 432 
357 356 432 
357 432 433 
430 357 433 
358 359 434 
432 358 434 
359 435 436 
434 359 436 
363 360 438 
360 417 438 
362 361 439 
361 363 439 
362 439 440 
406 362 440 
363 438 441 
439 363 441 
365 364 442 
442 364 372 
392 365 443 
443 365 442 
369 366 444 
366 367 444 
367 406 445 
367 445 444 
374 368 446 
368 369 446 
369 444 447 
446 369 447 
372 370 448 
448 370 371 
448 371 449 
449 371 387 
442 372 450 
450 372 448 
378 373 451 
373 374 451 
374 446 452 
451 374 452 
379 376 453 
376 375 454 
453 376 454 
454 375 377 
454 377 455 
377 378 455 
378 451 456 
455 378 456 
381 380 457 
380 379 458 
457 380 458 
458 379 453 
385 381 459 
459 381 457 
383 382 460 
460 382 386 
390 383 461 
461 383 460 
386 384 462 
462 384 385 
462 385 463 
463 385 459 
460 386 464 
464 386 462 
449 387 465 
465 387 389 
389 388 466 
466 388 391 
465 389 467 
467 389 466 
391 390 468 
468 390 461 
466 391 469 
469 391 468 
393 392 470 
470 392 443 
394 393 471 
471 393 470 
395 394 472 
472 394 471 
396 395 473 
473 395 472 
397 396 474 
474 396 473 
399 397 475 
475 397 474 
400 398 476 
476 398 399 
476 399 477 
477 399 475 
401 400 478 
478 400 476 
404 401 479 
479 401 478 
403 402 480 
480 402 404 
405 403 481 
481 403 480 
480 404 482 
482 404 479 
483 405 481 
484 405 483 
445 406 487 
487 406 440 
407 409 488 
408 407 488 
408 488 489 
410 408 489 
409 419 490 
488 409 490 
410 489 491 
412 410 491 
411 412 492 
414 411 492 
412 491 493 
492 412 493 
413 414 494 
415 413 494 
414 492 495 
494 414 495 
438 417 496 
415 494 497 
416 415 498 
418 416 498 
498 415 497 
417 418 499 
418 498 499 
417 499 496 
419 420 500 
490 419 500 
420 421 501 
500 420 501 
421 422 502 
501 421 502 
422 423 503 
502 422 503 
423 424 504 
503 423 504 
424 426 505 
504 424 505 
425 427 506 
426 425 506 
426 506 507 
505 426 507 
427 428 508 
506 427 508 
428 429 509 
508 428 509 
429 431 510 
509 429 510 
510 431 511 
430 433 512 
431 430 512 
431 512 511 
432 434 513 
433 432 513 
433 513 514 
512 433 514 
434 436 515 
513 434 515 
435 437 516 
436 435 516 
436 516 517 
515 436 517 
516 437 518 
437 519 518 
441 438 520 
520 438 496 
440 439 521 
521 439 441 
440 521 522 
487 440 522 
441 520 523 
521 441 523 
443 442 524 
524 442 450 
470 443 525 
525 443 524 
447 444 526 
526 444 445 
445 487 527 
526 445 527 
452 446 528 
528 446 447 
447 526 529 
528 447 529 
450 448 530 
530 448 449 
530 449 531 
531 449 465 
524 450 532 
532 450 530 
456 451 533 
533 451 452 
452 528 534 
533 452 534 
458 453 535 
453 454 535 
454 455 536 
535 454 536 
536 455 537 
537 455 456 
456 533 538 
537 456 538 
459 457 539 
457 458 539 
458 535 540 
539 458 540 
459 539 541 
463 459 542 
542 459 541 
461 460 543 
543 460 464 
468 461 544 
544 461 543 
464 462 545 
545 462 463 
545 463 542 
543 464 546 
546 464 545 
531 465 547 
547 465 467 
467 466 548 
548 466 469 
547 467 549 
549 467 548 
469 468 550 
550 468 544 
548 469 551 
551 469 550 
471 470 552 
552 470 525 
472 471 553 
553 471 552 
473 472 554 
554 472 553 
474 473 555 
555 473 554 
475 474 556 
556 474 555 
477 475 557 
557 475 556 
478 476 558 
558 476 477 
558 477 559 
559 477 557 
479 478 560 
560 478 558 
482 479 561 
561 479 560 
481 480 562 
562 480 482 
483 481 563 
563 481 562 
562 482 564 
564 482 561 
565 483 563 
485 484 566 
566 484 483 
566 483 565 
486 485 567 
567 485 566 
568 486 567 
569 486 568 
527 487 571 
571 487 522 
488 490 572 
489 488 572 
489 572 573 
491 489 573 
490 500 574 
572 490 574 
491 573 575 
493 491 575 
492 493 576 
495 492 576 
493 575 577 
576 493 577 
495 576 578 
494 495 579 
497 494 579 
579 495 578 
520 496 580 
496 499 581 
496 581 580 
498 497 582 
497 579 582 
498 582 583 
499 498 583 
581 499 583 
500 501 584 
574 500 584 
501 502 585 
584 501 585 
502 503 586 
585 502 586 
503 504 587 
586 503 587 
504 505 588 
587 504 588 
505 507 589 
588 505 589 
506 508 590 
507 506 590 
507 590 591 
589 507 591 
508 509 592 
590 508 592 
509 510 593 
592 509 593 
510 511 594 
593 510 594 
594 511 595 
512 514 596 
511 512 596 
511 596 595 
513 515 597 
514 513 597 
514 597 598 
596 514 598 
515 517 599 
597 515 599 
599 517 600 
516 518 601 
517 516 601 
601 600 517 
519 602 518 
602 601 518 
523 520 603 
603 520 580 
603 580 604 
522 521 605 
605 521 523 
522 605 606 
571 522 606 
523 603 607 
605 523 607 
525 524 608 
608 524 532 
552 525 609 
609 525 608 
529 526 610 
610 526 527 
527 571 611 
610 527 611 
534 528 612 
612 528 529 
529 610 613 
612 529 613 
532 530 614 
614 530 531 
614 531 615 
615 531 547 
608 532 616 
616 532 614 
538 533 617 
617 533 534 
534 612 618 
617 534 618 
538 617 619 
540 535 620 
620 535 536 
536 537 621 
620 536 621 
621 537 622 
622 537 538 
622 538 619 
541 539 623 
623 539 540 
540 620 624 
623 540 624 
541 623 625 
550 544 626 
627 542 541 
627 541 625 
545 542 628 
628 542 627 
544 543 629 
626 544 629 
629 543 546 
629 546 630 
546 545 630 
630 545 628 
615 547 631 
631 547 549 
549 548 632 
632 548 551 
631 549 633 
633 549 632 
551 550 634 
634 550 626 
632 551 635 
635 551 634 
553 552 636 
636 552 609 
554 553 637 
637 553 636 
555 554 638 
638 554 637 
556 555 639 
639 555 638 
557 556 640 
640 556 639 
559 557 641 
641 557 640 
560 558 642 
642 558 559 
642 559 643 
643 559 641 
561 560 644 
644 560 642 
564 561 645 
645 561 644 
565 563 646 
563 562 647 
646 563 647 
647 562 564 
647 564 648 
648 564 645 
649 565 646 
567 566 650 
650 566 565 
650 565 649 
568 567 651 
651 567 650 
652 568 651 
570 569 653 
653 569 568 
653 568 652 
570 653 654 
655 570 654 
611 571 656 
656 571 606 
572 574 657 
573 572 657 
573 657 658 
575 573 658 
574 584 659 
657 574 659 
575 658 660 
577 575 660 
577 660 661 
576 577 662 
578 576 662 
662 577 661 
579 578 663 
578 662 663 
579 663 664 
582 579 664 
580 581 665 
580 665 604 
581 583 666 
665 581 666 
583 582 667 
583 667 666 
667 582 664 
667 664 668 
584 585 669 
659 584 669 
585 586 670 
669 585 670 
586 587 671 
670 586 671 
587 588 672 
671 587 672 
588 589 673 
672 588 673 
589 591 674 
673 589 674 
590 592 675 
591 590 675 
591 675 676 
674 591 676 
592 593 677 
675 592 677 
593 594 678 
677 593 678 
594 595 679 
678 594 679 
595 596 680 
679 595 680 
596 598 681 
596 681 680 
681 598 682 
597 599 683 
598 597 683 
683 682 598 
600 684 599 
684 683 599 
601 685 600 
600 685 684 
602 686 601 
601 686 685 
604 665 687 
607 603 688 
688 603 604 
604 687 688 
606 605 689 
606 689 656 
689 605 607 
607 688 689 
656 689 690 
609 608 691 
691 608 616 
636 609 692 
692 609 691 
613 610 693 
693 610 611 
611 656 693 
618 612 694 
694 612 613 
613 693 694 
616 614 695 
695 614 615 
695 615 696 
696 615 631 
691 616 697 
697 616 695 
619 617 698 
698 617 618 
618 694 698 
699 622 619 
619 698 699 
624 620 700 
700 620 621 
621 622 701 
700 621 701 
701 622 699 
625 623 702 
702 623 624 
624 700 703 
702 624 703 
625 702 704 
705 627 625 
705 625 704 
634 626 706 
626 629 706 
628 627 707 
707 627 705 
708 630 628 
708 628 707 
629 630 709 
706 629 709 
709 630 708 
634 706 710 
696 631 711 
711 631 633 
711 633 712 
633 632 713 
712 633 713 
713 632 635 
713 635 714 
635 634 714 
714 634 710 
637 636 715 
715 636 692 
638 637 716 
716 637 715 
639 638 717 
717 638 716 
640 639 718 
718 639 717 
641 640 719 
719 640 718 
643 641 720 
720 641 719 
644 642 721 
721 642 643 
721 643 722 
722 643 720 
645 644 723 
723 644 721 
648 645 724 
724 645 723 
649 646 725 
646 647 726 
725 646 726 
726 647 648 
726 648 727 
727 648 724 
729 649 725 
729 725 728 
651 650 730 
730 650 649 
730 649 729 
652 651 731 
651 730 731 
653 652 732 
731 732 652 
733 654 653 
732 733 653 
734 655 654 
733 734 654 
656 690 735 
693 656 735 
657 659 736 
658 657 736 
658 736 737 
660 658 737 
659 669 738 
736 659 738 
660 737 739 
661 660 739 
662 661 740 
661 739 740 
662 740 741 
663 662 741 
664 663 742 
664 742 668 
742 663 741 
665 666 744 
687 665 744 
687 744 745 
666 667 746 
666 746 744 
746 667 668 
668 742 747 
668 747 748 
668 748 746 
669 670 749 
738 669 749 
670 671 750 
749 670 750 
671 672 751 
750 671 751 
672 673 752 
751 672 752 
673 674 753 
752 673 753 
674 676 754 
753 674 754 
675 677 755 
676 675 755 
676 755 756 
754 676 756 
677 678 757 
755 677 757 
678 679 758 
757 678 758 
759 758 679 
680 759 679 
682 760 681 
760 759 680 
681 760 680 
683 761 682 
682 761 760 
684 762 683 
683 762 761 
685 763 684 
684 763 762 
686 764 685 
685 764 763 
688 687 765 
687 745 765 
743 765 745 
689 688 766 
766 688 765 
766 767 689 
767 690 689 
767 768 690 
690 768 735 
692 691 769 
769 691 697 
715 692 770 
770 692 769 
694 693 771 
735 771 693 
698 694 772 
771 772 694 
697 695 773 
773 695 696 
773 696 774 
774 696 711 
769 697 775 
775 697 773 
699 698 776 
772 776 698 
776 777 699 
703 700 778 
778 700 701 
701 699 778 
778 699 777 
704 702 779 
779 702 703 
703 778 779 
780 705 704 
704 779 780 
707 705 781 
781 705 780 
710 706 782 
782 706 709 
783 708 707 
783 707 781 
709 708 784 
782 709 784 
784 708 783 
785 714 710 
710 782 786 
785 710 786 
774 711 787 
787 711 712 
787 712 788 
712 713 788 
713 714 789 
788 713 789 
789 714 785 
716 715 790 
790 715 770 
717 716 791 
791 716 790 
718 717 792 
792 717 791 
719 718 793 
793 718 792 
720 719 794 
794 719 793 
722 720 795 
795 720 794 
723 721 796 
796 721 722 
796 722 797 
797 722 795 
724 723 798 
798 723 796 
727 724 799 
799 724 798 
725 726 800 
725 800 728 
800 726 727 
800 727 801 
801 727 799 
802 728 800 
803 729 728 
802 803 728 
804 731 730 
803 804 729 
730 729 804 
805 732 731 
804 805 731 
806 733 732 
805 806 732 
807 734 733 
806 807 733 
768 808 735 
735 808 771 
736 738 809 
737 736 809 
737 809 810 
739 737 810 
738 749 811 
809 738 811 
739 810 812 
739 812 813 
740 739 813 
741 740 814 
814 740 813 
741 814 815 
742 741 815 
747 742 815 
815 816 747 
817 765 743 
743 818 817 
819 818 743 
819 743 745 
744 746 820 
820 746 748 
744 820 745 
820 819 745 
748 747 821 
816 821 747 
821 820 748 
749 750 822 
811 749 822 
750 751 823 
822 750 823 
751 752 824 
823 751 824 
752 753 825 
824 752 825 
753 754 826 
825 753 826 
754 756 827 
826 754 827 
828 827 756 
755 757 828 
828 756 755 
758 829 757 
829 828 757 
759 830 758 
830 829 758 
760 831 759 
759 831 830 
761 832 760 
760 832 831 
762 833 761 
761 833 832 
763 834 762 
762 834 833 
764 835 763 
763 835 834 
817 836 765 
765 836 766 
836 837 766 
766 837 767 
837 838 767 
767 838 768 
838 839 768 
768 839 808 
770 769 840 
840 769 775 
790 770 841 
841 770 840 
808 842 771 
771 842 772 
842 843 772 
772 843 776 
775 773 844 
844 773 774 
844 774 845 
845 774 787 
840 775 846 
846 775 844 
843 847 776 
776 847 777 
847 848 777 
777 848 778 
848 849 778 
780 779 849 
779 778 849 
850 780 849 
783 781 851 
781 780 851 
850 851 780 
786 782 852 
852 782 784 
784 783 853 
852 784 853 
853 783 851 
845 787 854 
789 785 855 
855 785 856 
856 785 786 
786 852 857 
856 786 857 
787 788 858 
854 787 858 
858 788 859 
859 788 789 
859 789 855 
791 790 860 
860 790 841 
792 791 861 
861 791 860 
793 792 862 
862 792 861 
794 793 863 
863 793 862 
795 794 864 
864 794 863 
797 795 865 
865 795 864 
798 796 866 
866 796 797 
866 797 865 
799 798 867 
798 866 867 
868 801 799 
867 868 799 
869 802 800 
868 869 801 
800 801 869 
870 803 802 
869 870 802 
871 804 803 
871 803 870 
872 805 804 
871 872 804 
873 806 805 
872 873 805 
874 807 806 
873 874 806 
839 875 808 
808 875 842 
809 811 876 
810 809 876 
810 876 812 
811 822 877 
876 811 877 
876 878 812 
813 812 879 
879 812 878 
817 880 836 
813 879 881 
881 814 813 
881 882 814 
815 814 882 
882 816 815 
882 883 816 
816 883 821 
884 880 817 
884 817 818 
885 884 818 
819 885 818 
886 885 819 
886 819 820 
883 887 821 
821 887 820 
820 887 886 
822 823 888 
877 822 888 
823 824 889 
888 823 889 
824 825 889 
825 826 890 
825 890 889 
827 891 826 
891 890 826 
828 892 827 
892 891 827 
829 893 828 
828 893 892 
830 894 829 
829 894 893 
831 895 830 
830 895 894 
832 896 831 
831 896 895 
833 897 832 
832 897 896 
834 898 833 
833 898 897 
835 899 834 
834 899 898 
880 900 836 
836 900 837 
900 901 837 
837 901 838 
901 902 838 
838 902 839 
902 903 839 
839 903 875 
841 840 904 
904 840 846 
860 841 905 
905 841 904 
875 906 842 
842 906 843 
906 907 843 
843 907 847 
846 844 908 
908 844 845 
908 845 854 
904 846 909 
909 846 908 
907 910 847 
847 910 848 
910 911 848 
848 911 849 
911 912 849 
849 912 850 
912 913 850 
850 913 851 
908 854 914 
913 915 851 
857 852 916 
915 916 851 
916 852 853 
853 851 916 
914 854 917 
917 854 858 
859 855 918 
855 856 918 
916 919 857 
919 918 856 
919 856 857 
858 859 920 
917 858 920 
920 859 921 
921 859 918 
861 860 922 
922 860 905 
862 861 923 
923 861 922 
863 862 924 
924 862 923 
864 863 925 
925 863 924 
865 864 926 
864 925 926 
926 927 865 
865 927 866 
928 867 866 
927 928 866 
929 868 867 
928 929 867 
930 869 868 
929 930 868 
931 870 869 
930 931 869 
932 871 870 
931 932 870 
933 872 871 
932 933 871 
934 873 872 
933 934 872 
935 874 873 
934 935 873 
903 936 875 
875 936 906 
876 877 937 
877 888 937 
876 937 878 
878 937 938 
878 938 879 
938 939 879 
879 939 881 
880 940 900 
941 940 880 
884 941 880 
939 942 881 
881 942 882 
942 943 882 
882 943 883 
943 944 883 
883 944 887 
945 941 884 
886 945 885 
945 884 885 
946 945 886 
946 886 887 
887 944 946 
888 889 947 
888 947 937 
890 948 889 
889 948 947 
891 949 890 
890 949 948 
892 950 891 
891 950 949 
893 951 892 
892 951 950 
894 952 893 
893 952 951 
895 953 894 
894 953 952 
896 954 895 
895 954 953 
897 955 896 
896 955 954 
898 956 897 
897 956 955 
899 957 898 
898 957 956 
940 958 900 
900 958 901 
958 959 901 
901 959 902 
959 960 902 
902 960 903 
960 961 903 
903 961 936 
905 904 962 
962 904 909 
922 905 963 
963 905 962 
936 964 906 
906 964 907 
964 965 907 
907 965 910 
962 909 966 
909 908 966 
966 908 914 
962 966 967 
965 968 910 
910 968 911 
968 969 911 
911 969 912 
969 970 912 
912 970 913 
970 971 913 
913 971 915 
972 915 971 
966 914 973 
914 917 973 
972 974 915 
915 974 916 
974 975 916 
916 975 919 
920 976 917 
976 973 917 
975 977 919 
919 977 918 
918 977 921 
978 976 920 
978 920 921 
977 978 921 
923 922 979 
979 922 963 
925 924 980 
924 923 980 
923 979 980 
981 926 925 
980 981 925 
982 927 926 
981 982 926 
983 928 927 
983 927 982 
984 929 928 
983 984 928 
985 930 929 
984 985 929 
986 931 930 
985 986 930 
987 932 931 
986 987 931 
988 933 932 
987 988 932 
989 934 933 
988 989 933 
990 935 934 
989 990 934 
961 991 936 
936 991 964 
947 992 937 
992 938 937 
992 993 938 
938 993 939 
993 994 939 
939 994 942 
940 995 958 
996 995 940 
941 996 940 
997 996 941 
945 997 941 
994 998 942 
942 998 943 
998 999 943 
943 999 944 
999 946 944 
999 1000 946 
1000 997 945 
946 1000 945 
948 1001 947 
947 1001 992 
949 1002 948 
948 1002 1001 
950 1003 949 
949 1003 1002 
951 1004 950 
950 1004 1003 
952 1005 951 
951 1005 1004 
953 1006 952 
952 1006 1005 
954 1007 953 
953 1007 1006 
955 1008 954 
954 1008 1007 
956 1009 955 
955 1009 1008 
957 1010 956 
956 1010 1009 
995 1011 958 
958 1011 959 
1011 1012 959 
959 1012 960 
1012 1013 960 
960 1013 961 
1013 1014 961 
961 1014 991 
979 963 1015 
963 962 1015 
962 967 1015 
991 1016 964 
964 1016 965 
1016 1017 965 
965 1017 968 
1018 1015 967 
967 966 1018 
973 1018 966 
1017 1019 968 
968 1019 969 
1019 1020 969 
969 1020 970 
1020 1021 970 
970 1021 971 
1021 972 971 
1021 1022 972 
972 1022 974 
1023 1018 973 
976 1023 973 
1022 1024 974 
974 1024 975 
1024 1025 975 
975 1025 977 
1026 1023 976 
978 1026 976 
1027 1026 978 
1027 978 977 
977 1025 1027 
1028 980 979 
979 1015 1028 
1029 981 980 
1028 1029 980 
1030 982 981 
1029 1030 981 
1031 983 982 
1030 1031 982 
1032 984 983 
1031 1032 983 
1033 985 984 
1032 1033 984 
1034 986 985 
1033 1034 985 
1035 987 986 
1034 1035 986 
1036 988 987 
1035 1036 987 
1037 989 988 
1036 1037 988 
1038 990 989 
1037 1038 989 
1014 1039 991 
991 1039 1016 
1001 1040 992 
992 1040 993 
1040 1041 993 
993 1041 994 
995 1042 1011 
1041 1043 994 
994 1043 998 
1044 1042 995 
996 1044 995 
1045 1044 996 
997 1045 996 
1046 1045 997 
1000 1046 997 
1043 1047 998 
998 1047 999 
1047 1048 999 
1048 1046 1000 
999 1048 1000 
1002 1049 1001 
1001 1049 1040 
1003 1050 1002 
1002 1050 1049 
1004 1051 1003 
1003 1051 1050 
1005 1052 1004 
1004 1052 1051 
1006 1053 1005 
1005 1053 1052 
1007 1054 1006 
1006 1054 1053 
1008 1055 1007 
1007 1055 1054 
1009 1056 1008 
1008 1056 1055 
1010 1057 1009 
1009 1057 1056 
1042 1058 1011 
1011 1058 1012 
1058 1059 1012 
1012 1059 1013 
1059 1060 1013 
1013 1060 1014 
1060 1061 1014 
1014 1061 1039 
1062 1028 1015 
1018 1062 1015 
1039 1063 1016 
1016 1063 1017 
1063 1064 1017 
1017 1064 1019 
1065 1062 1018 
1023 1065 1018 
1064 1066 1019 
1019 1066 1020 
1066 1067 1020 
1020 1067 1021 
1067 1068 1021 
1021 1068 1022 
1068 1069 1022 
1022 1069 1024 
1070 1065 1023 
1026 1070 1023 
1069 1071 1024 
1024 1071 1025 
1071 1027 1025 
1071 1072 1027 
1072 1070 1026 
1027 1072 1026 
1073 1029 1028 
1062 1073 1028 
1074 1030 1029 
1073 1074 1029 
1075 1031 1030 
1074 1075 1030 
1076 1032 1031 
1075 1076 1031 
1077 1033 1032 
1076 1077 1032 
1078 1034 1033 
1077 1078 1033 
1079 1035 1034 
1078 1079 1034 
1080 1036 1035 
1079 1080 1035 
1081 1037 1036 
1080 1081 1036 
1082 1038 1037 
1081 1082 1037 
1061 1083 1039 
1039 1083 1063 
1049 1084 1040 
1040 1084 1041 
1042 1085 1058 
1084 1086 1041 
1041 1086 1043 
1087 1085 1042 
1044 1087 1042 
1086 1088 1043 
1043 1088 1047 
1089 1087 1044 
1045 1089 1044 
1090 1089 1045 
1046 1090 1045 
1091 1090 1046 
1048 1091 1046 
1088 1092 1047 
1092 1091 1048 
1047 1092 1048 
1050 1093 1049 
1049 1093 1084 
1051 1094 1050 
1050 1094 1093 
1052 1095 1051 
1051 1095 1094 
1053 1096 1052 
1052 1096 1095 
1054 1097 1053 
1053 1097 1096 
1055 1098 1054 
1054 1098 1097 
1056 1099 1055 
1055 1099 1098 
1057 1100 1056 
1056 1100 1099 
1085 1101 1058 
1058 1101 1059 
1085 1102 1101 
1101 1103 1059 
1059 1103 1060 
1103 1104 1060 
1060 1104 1061 
1104 1105 1061 
1061 1105 1083 
1106 1073 1062 
1065 1106 1062 
1083 1107 1063 
1063 1107 1064 
1107 1108 1064 
1064 1108 1066 
1109 1106 1065 
1070 1109 1065 
1108 1110 1066 
1066 1110 1067 
1110 1111 1067 
1067 1111 1068 
1111 1112 1068 
1068 1112 1069 
1112 1113 1069 
1069 1113 1071 
1114 1109 1070 
1072 1114 1070 
1113 1115 1071 
1115 1114 1072 
1071 1115 1072 
1116 1074 1073 
1106 1116 1073 
1117 1075 1074 
1116 1117 1074 
1118 1076 1075 
1117 1118 1075 
1119 1077 1076 
1118 1119 1076 
1120 1078 1077 
1119 1120 1077 
1121 1079 1078 
1120 1121 1078 
1122 1080 1079 
1121 1122 1079 
1123 1081 1080 
1122 1123 1080 
1124 1082 1081 
1123 1124 1081 
1105 1125 1083 
1083 1125 1107 
1093 1126 1084 
1084 1126 1086 
1127 1102 1085 
1087 1127 1085 
1126 1128 1086 
1086 1128 1088 
1129 1127 1087 
1089 1129 1087 
1128 1130 1088 
1088 1130 1092 
1131 1129 1089 
1090 1131 1089 
1132 1131 1090 
1091 1132 1090 
1130 1133 1092 
1133 1132 1091 
1092 1133 1091 
1094 1134 1093 
1093 1134 1126 
1095 1135 1094 
1094 1135 1134 
1096 1136 1095 
1095 1136 1135 
1097 1137 1096 
1096 1137 1136 
1098 1138 1097 
1097 1138 1137 
1099 1139 1098 
1098 1139 1138 
1100 1140 1099 
1099 1140 1139 
1127 1141 1102 
1102 1142 1101 
1101 1142 1103 
1141 1143 1102 
1102 1143 1142 
1142 1144 1103 
1103 1144 1104 
1144 1145 1104 
1104 1145 1105 
1145 1146 1105 
1105 1146 1125 
1147 1116 1106 
1109 1147 1106 
1125 1148 1107 
1107 1148 1108 
1148 1149 1108 
1108 1149 1110 
1150 1147 1109 
1114 1150 1109 
1149 1151 1110 
1110 1151 1111 
1151 1152 1111 
1111 1152 1112 
1152 1153 1112 
1112 1153 1113 
1153 1154 1113 
1113 1154 1115 
1154 1155 1115 
1155 1150 1114 
1115 1155 1114 
1156 1117 1116 
1147 1156 1116 
1157 1118 1117 
1156 1157 1117 
1158 1119 1118 
1157 1158 1118 
1159 1120 1119 
1158 1159 1119 
1160 1121 1120 
1159 1160 1120 
1161 1122 1121 
1160 1161 1121 
1162 1123 1122 
1161 1162 1122 
1163 1124 1123 
1162 1163 1123 
1146 1164 1125 
1125 1164 1148 
1134 1165 1126 
1126 1165 1128 
1166 1141 1127 
1129 1166 1127 
1165 1167 1128 
1128 1167 1130 
1168 1166 1129 
1131 1168 1129 
1167 1169 1130 
1130 1169 1133 
1170 1168 1131 
1132 1170 1131 
1169 1171 1133 
1171 1170 1132 
1133 1171 1132 
1135 1172 1134 
1134 1172 1165 
1136 1173 1135 
1135 1173 1172 
1137 1174 1136 
1136 1174 1173 
1138 1175 1137 
1137 1175 1174 
1139 1176 1138 
1138 1176 1175 
1140 1177 1139 
1139 1177 1176 
1166 1178 1141 
1178 1179 1141 
1141 1179 1143 
1143 1180 1142 
1142 1180 1144 
1179 1181 1143 
1143 1181 1180 
1180 1182 1144 
1144 1182 1145 
1182 1183 1145 
1145 1183 1146 
1183 1184 1146 
1146 1184 1164 
1185 1156 1147 
1150 1185 1147 
1164 1186 1148 
1148 1186 1149 
1186 1187 1149 
1149 1187 1151 
1188 1185 1150 
1155 1188 1150 
1187 1189 1151 
1151 1189 1152 
1189 1190 1152 
1152 1190 1153 
1190 1191 1153 
1153 1191 1154 
1191 1192 1154 
1192 1188 1155 
1154 1192 1155 
1193 1157 1156 
1185 1193 1156 
1194 1158 1157 
1193 1194 1157 
1195 1159 1158 
1194 1195 1158 
1196 1160 1159 
1195 1196 1159 
1197 1161 1160 
1196 1197 1160 
1198 1162 1161 
1197 1198 1161 
1199 1163 1162 
1198 1199 1162 
1184 1200 1164 
1164 1200 1186 
1172 1201 1165 
1165 1201 1167 
1202 1178 1166 
1168 1202 1166 
1201 1203 1167 
1167 1203 1169 
1204 1202 1168 
1170 1204 1168 
1203 1205 1169 
1169 1205 1171 
1205 1206 1171 
1206 1204 1170 
1171 1206 1170 
1173 1207 1172 
1172 1207 1201 
1174 1208 1173 
1173 1208 1207 
1175 1209 1174 
1174 1209 1208 
1176 1210 1175 
1175 1210 1209 
1177 1211 1176 
1176 1211 1210 
1202 1212 1178 
1212 1213 1178 
1178 1213 1179 
1213 1214 1179 
1179 1214 1181 
1181 1215 1180 
1180 1215 1182 
1214 1216 1181 
1181 1216 1215 
1215 1217 1182 
1182 1217 1183 
1217 1218 1183 
1183 1218 1184 
1218 1219 1184 
1184 1219 1200 
1220 1193 1185 
1188 1220 1185 
1200 1221 1186 
1186 1221 1187 
1221 1222 1187 
1187 1222 1189 
1223 1220 1188 
1192 1223 1188 
1222 1224 1189 
1189 1224 1190 
1224 1225 1190 
1190 1225 1191 
1225 1226 1191 
1226 1223 1192 
1191 1226 1192 
1227 1194 1193 
1220 1227 1193 
1228 1195 1194 
1227 1228 1194 
1229 1196 1195 
1228 1229 1195 
1230 1197 1196 
1229 1230 1196 
1231 1198 1197 
1230 1231 1197 
1232 1199 1198 
1231 1232 1198 
1219 1233 1200 
1200 1233 1221 
1207 1234 1201 
1201 1234 1203 
1235 1212 1202 
1204 1235 1202 
1234 1236 1203 
1203 1236 1205 
1237 1235 1204 
1206 1237 1204 
1236 1238 1205 
1238 1237 1206 
1205 1238 1206 
1208 1239 1207 
1207 1239 1234 
1209 1240 1208 
1208 1240 1239 
1210 1241 1209 
1209 1241 1240 
1211 1242 1210 
1210 1242 1241 
1235 1243 1212 
1243 1244 1212 
1212 1244 1213 
1244 1245 1213 
1213 1245 1214 
1245 1246 1214 
1214 1246 1216 
1216 1247 1215 
1215 1247 1217 
1246 1248 1216 
1216 1248 1247 
1247 1249 1217 
1217 1249 1218 
1249 1250 1218 
1218 1250 1219 
1250 1251 1219 
1219 1251 1233 
1252 1227 1220 
1223 1252 1220 
1233 1253 1221 
1221 1253 1222 
1253 1254 1222 
1222 1254 1224 
1255 1252 1223 
1226 1255 1223 
1254 1256 1224 
1224 1256 1225 
1256 1257 1225 
1257 1255 1226 
1225 1257 1226 
1258 1228 1227 
1252 1258 1227 
1259 1229 1228 
1258 1259 1228 
1260 1230 1229 
1259 1260 1229 
1261 1231 1230 
1260 1261 1230 
1262 1232 1231 
1261 1262 1231 
1251 1263 1233 
1233 1263 1253 
1243 1264 1244 
1239 1265 1234 
1234 1265 1236 
1266 1243 1235 
1237 1266 1235 
1265 1267 1236 
1236 1267 1238 
1267 1268 1238 
1268 1266 1237 
1238 1268 1237 
1240 1269 1239 
1239 1269 1265 
1241 1270 1240 
1240 1270 1269 
1242 1271 1241 
1241 1271 1270 
1272 1264 1243 
1266 1272 1243 
1264 1273 1244 
1244 1273 1245 
1273 1274 1245 
1245 1274 1246 
1274 1275 1246 
1246 1275 1248 
1248 1276 1247 
1247 1276 1249 
1275 1277 1248 
1248 1277 1276 
1276 1278 1249 
1249 1278 1250 
1278 1279 1250 
1250 1279 1251 
1279 1280 1251 
1251 1280 1263 
1281 1258 1252 
1255 1281 1252 
1263 1282 1253 
1253 1282 1254 
1282 1283 1254 
1254 1283 1256 
1284 1281 1255 
1257 1284 1255 
1283 1285 1256 
1285 1284 1257 
1256 1285 1257 
1286 1259 1258 
1281 1286 1258 
1287 1260 1259 
1286 1287 1259 
1288 1261 1260 
1287 1288 1260 
1289 1262 1261 
1288 1289 1261 
1280 1290 1263 
1263 1290 1282 
1264 1291 1273 
1292 1291 1264 
1272 1292 1264 
1269 1293 1265 
1265 1293 1267 
1294 1272 1266 
1268 1294 1266 
1293 1295 1267 
1295 1294 1268 
1267 1295 1268 
1270 1296 1269 
1269 1296 1293 
1271 1297 1270 
1270 1297 1296 
1298 1292 1272 
1294 1298 1272 
1291 1299 1273 
1273 1299 1274 
1299 1300 1274 
1274 1300 1275 
1300 1301 1275 
1275 1301 1277 
1277 1302 1276 
1276 1302 1278 
1301 1303 1277 
1277 1303 1302 
1302 1304 1278 
1278 1304 1279 
1304 1305 1279 
1279 1305 1280 
1305 1306 1280 
1280 1306 1290 
1307 1286 1281 
1284 1307 1281 
1290 1308 1282 
1282 1308 1283 
1308 1309 1283 
1283 1309 1285 
1309 1310 1285 
1310 1307 1284 
1285 1310 1284 
1311 1287 1286 
1307 1311 1286 
1312 1288 1287 
1311 1312 1287 
1313 1289 1288 
1312 1313 1288 
1306 1314 1290 
1290 1314 1308 
1291 1315 1299 
1316 1315 1291 
1292 1316 1291 
1317 1316 1292 
1298 1317 1292 
1296 1318 1293 
1293 1318 1295 
1318 1319 1295 
1319 1298 1294 
1295 1319 1294 
1297 1320 1296 
1296 1320 1318 
1321 1317 1298 
1319 1321 1298 
1315 1322 1299 
1299 1322 1300 
1322 1323 1300 
1300 1323 1301 
1323 1324 1301 
1301 1324 1303 
1303 1325 1302 
1302 1325 1304 
1324 1326 1303 
1303 1326 1325 
1325 1327 1304 
1304 1327 1305 
1327 1328 1305 
1305 1328 1306 
1328 1329 1306 
1306 1329 1314 
1330 1311 1307 
1310 1330 1307 
1314 1331 1308 
1308 1331 1309 
1331 1332 1309 
1332 1330 1310 
1309 1332 1310 
1333 1312 1311 
1330 1333 1311 
1334 1313 1312 
1333 1334 1312 
1329 1335 1314 
1314 1335 1331 
1322 1315 1336 
1315 1316 1337 
1336 1315 1337 
1316 1317 1338 
1337 1316 1338 
1317 1321 1339 
1338 1317 1339 
1320 1340 1318 
1340 1321 1319 
1318 1340 1319 
1321 1340 1341 
1339 1321 1341 
1323 1322 1342 
1342 1322 1336 
1324 1323 1343 
1343 1323 1342 
1326 1324 1344 
1344 1324 1343 
1326 1345 1325 
1325 1345 1327 
1345 1326 1346 
1346 1326 1344 
1345 1347 1327 
1327 1347 1328 
1347 1348 1328 
1328 1348 1329 
1348 1349 1329 
1329 1349 1335 
1350 1333 1330 
1332 1350 1330 
1335 1351 1331 
1351 1350 1332 
1331 1351 1332 
1352 1334 1333 
1350 1352 1333 
1349 1353 1335 
1335 1353 1351 
1342 1336 1354 
1336 1337 1355 
1354 1336 1355 
1337 1338 1356 
1355 1337 1356 
1338 1339 1357 
1356 1338 1357 
1339 1341 1358 
1357 1339 1358 
1340 1359 1341 
1359 1358 1341 
1343 1342 1360 
1360 1342 1354 
1344 1343 1361 
1361 1343 1360 
1346 1344 1362 
1362 1344 1361 
1347 1345 1363 
1363 1345 1346 
1363 1346 1364 
1364 1346 1362 
1348 1347 1365 
1365 1347 1363 
1349 1348 1366 
1366 1348 1365 
1353 1349 1367 
1367 1349 1366 
1353 1368 1351 
1368 1352 1350 
1351 1368 1350 
1368 1353 1369 
1353 1367 1369 
1354 1355 1370 
1360 1354 1371 
1371 1354 1370 
1355 1356 1372 
1370 1355 1372 
1356 1357 1373 
1373 1372 1356 
1358 1374 1357 
1374 1373 1357 
1359 1375 1358 
1358 1375 1374 
1370 1372 1376 
1361 1360 1377 
1377 1360 1371 
1362 1361 1378 
1378 1361 1377 
1364 1362 1379 
1379 1362 1378 
1365 1363 1380 
1380 1363 1364 
1380 1364 1381 
1381 1364 1379 
1366 1365 1382 
1382 1365 1380 
1367 1366 1383 
1366 1382 1383 
1384 1369 1367 
1383 1384 1367 
1385 1368 1369 
1384 1385 1369 
1371 1370 1386 
1386 1370 1376 
1377 1371 1387 
1387 1371 1386 
1372 1388 1376 
1373 1389 1372 
1372 1389 1388 
1374 1390 1373 
1373 1390 1389 
1375 1391 1374 
1374 1391 1390 
1388 1392 1376 
1386 1376 1392 
1378 1377 1393 
1393 1377 1387 
1379 1378 1394 
1394 1378 1393 
1381 1379 1395 
1395 1379 1394 
1381 1395 1396 
1382 1380 1397 
1380 1381 1397 
1396 1397 1381 
1398 1383 1382 
1397 1398 1382 
1399 1384 1383 
1398 1399 1383 
1400 1385 1384 
1399 1400 1384 
1387 1386 1401 
1401 1386 1392 
1393 1387 1402 
1402 1387 1401 
1388 1403 1392 
1389 1404 1388 
1388 1404 1403 
1390 1405 1389 
1389 1405 1404 
1391 1406 1390 
1390 1406 1405 
1392 1403 1407 
1392 1407 1401 
1394 1393 1408 
1408 1393 1402 
1395 1394 1409 
1394 1408 1409 
1410 1396 1395 
1409 1410 1395 
1411 1397 1396 
1410 1411 1396 
1412 1398 1397 
1411 1412 1397 
1413 1399 1398 
1412 1413 1398 
1414 1400 1399 
1413 1414 1399 
1407 1415 1401 
1402 1401 1415 
1408 1402 1416 
1416 1402 1415 
1403 1417 1407 
1404 1418 1403 
1403 1418 1417 
1405 1419 1404 
1404 1419 1418 
1406 1420 1405 
1405 1420 1419 
1407 1417 1421 
1407 1421 1415 
1422 1409 1408 
1408 1416 1422 
1423 1410 1409 
1422 1423 1409 
1424 1411 1410 
1423 1424 1410 
1425 1412 1411 
1424 1425 1411 
1426 1413 1412 
1425 1426 1412 
1427 1414 1413 
1426 1427 1413 
1415 1421 1428 
1415 1428 1416 
1416 1428 1429 
1429 1422 1416 
1417 1430 1421 
1418 1431 1417 
1417 1431 1430 
1419 1432 1418 
1418 1432 1431 
1420 1433 1419 
1419 1433 1432 
1421 1430 1434 
1421 1434 1428 
1436 1422 1429 
1437 1423 1422 
1436 1437 1422 
1438 1424 1423 
1437 1438 1423 
1439 1425 1424 
1438 1439 1424 
1440 1426 1425 
1439 1440 1425 
1441 1427 1426 
1440 1441 1426 
1428 1434 1442 
1428 1442 1429 
1442 1436 1429 
1430 1443 1434 
1434 1443 1435 
1431 1444 1430 
1430 1444 1443 
1432 1445 1431 
1431 1445 1444 
1433 1446 1432 
1432 1446 1445 
1434 1435 1447 
1447 1442 1434 
1443 1448 1435 
1448 1447 1435 
1449 1437 1436 
1449 1436 1442 
1450 1438 1437 
1450 1437 1449 
1451 1439 1438 
1450 1451 1438 
1452 1440 1439 
1451 1452 1439 
1453 1441 1440 
1452 1453 1440 
1447 1454 1442 
1442 1454 1449 
1443 1455 1448 
1456 1448 1455 
1444 1457 1443 
1443 1457 1455 
1445 1458 1444 
1444 1458 1457 
1446 1459 1445 
1445 1459 1458 
1448 1460 1447 
1447 1460 1454 
1456 1461 1462 
1456 1462 1448 
1448 1462 1460 
1454 1463 1449 
1450 1449 1463 
1464 1450 1463 
1465 1451 1450 
1464 1465 1450 
1466 1452 1451 
1465 1466 1451 
1467 1453 1452 
1466 1467 1452 
1460 1468 1454 
1454 1468 1463 
1457 1469 1455 
1455 1469 1456 
1470 1461 1456 
1470 1456 1469 
1458 1471 1457 
1457 1471 1469 
1459 1472 1458 
1458 1472 1471 
1470 1473 1461 
1462 1475 1460 
1460 1475 1468 
1473 1476 1461 
1461 1476 1477 
1461 1477 1462 
1462 1477 1475 
1468 1478 1463 
1463 1478 1464 
1479 1465 1464 
1479 1464 1478 
1480 1466 1465 
1479 1480 1465 
1481 1467 1466 
1480 1481 1466 
1475 1482 1468 
1468 1482 1478 
1483 1474 1473 
1483 1473 1470 
1484 1483 1470 
1471 1484 1469 
1484 1470 1469 
1472 1485 1471 
1471 1485 1484 
1483 1486 1474 
1473 1474 1487 
1473 1487 1476 
1486 1488 1474 
1487 1474 1488 
1477 1489 1475 
1475 1489 1482 
1487 1490 1476 
1476 1490 1491 
1476 1491 1477 
1477 1491 1489 
1482 1492 1478 
1478 1492 1479 
1493 1480 1479 
1493 1479 1492 
1494 1481 1480 
1493 1494 1480 
1489 1495 1482 
1482 1495 1492 
1496 1486 1483 
1483 1497 1496 
1497 1483 1484 
1485 1497 1484 
1498 1488 1486 
1498 1486 1496 
1487 1488 1499 
1487 1499 1490 
1500 1499 1488 
1500 1488 1498 
1491 1501 1489 
1489 1501 1495 
1490 1499 1502 
1490 1502 1491 
1503 1501 1491 
1503 1491 1502 
1502 1499 1504 
1495 1505 1492 
1492 1505 1493 
1506 1494 1493 
1506 1493 1505 
1501 1507 1495 
1495 1507 1505 
1496 1508 1498 
1496 1497 1509 
1496 1509 1508 
1498 1508 1510 
1498 1510 1511 
1511 1500 1498 
1511 1512 1500 
1500 1512 1513 
1500 1513 1499 
1499 1513 1504 
1513 1514 1504 
1503 1515 1501 
1501 1515 1507 
1502 1504 1516 
1502 1516 1503 
1503 1516 1515 
1516 1504 1517 
1504 1514 1517 
1507 1518 1505 
1518 1506 1505 
1507 1519 1518 
1520 1519 1507 
1507 1515 1520 
1510 1521 1511 
1508 1509 1522 
1508 1522 1510 
1510 1522 1523 
1510 1523 1521 
1511 1521 1524 
1511 1524 1512 
1512 1524 1525 
1512 1525 1526 
1513 1512 1526 
1526 1514 1513 
1526 1527 1514 
1514 1527 1517 
1528 1517 1527 
1516 1517 1529 
1529 1517 1528 
1515 1516 1529 
1529 1520 1515 
1520 1530 1519 
1518 1519 1531 
1519 1530 1531 
1529 1532 1520 
1520 1532 1530 
1525 1524 1533 
1521 1534 1524 
1523 1535 1521 
1521 1535 1534 
1523 1522 1536 
1523 1536 1535 
1524 1534 1537 
1533 1524 1537 
1526 1525 1538 
1525 1533 1539 
1525 1539 1538 
1526 1538 1540 
1528 1527 1540 
1540 1527 1526 
1528 1540 1541 
1528 1541 1529 
1541 1542 1529 
1529 1542 1532 
1530 1532 1543 
1531 1530 1543 
1532 1542 1544 
1532 1544 1543 
1540 1538 1545 
1533 1537 1546 
1533 1546 1539 
1537 1534 1547 
1534 1535 1548 
1534 1548 1547 
1535 1536 1549 
1535 1549 1548 
1537 1547 1550 
1546 1537 1550 
1545 1538 1551 
1551 1538 1539 
1546 1552 1539 
1552 1553 1539 
1539 1553 1551 
1541 1540 1554 
1545 1554 1540 
1541 1554 1555 
1541 1555 1542 
1544 1542 1555 
1543 1544 1556 
1556 1544 1555 
1554 1545 1557 
1545 1551 1557 
1546 1550 1558 
1546 1558 1552 
1550 1547 1559 
1559 1547 1560 
1548 1549 1560 
1547 1548 1560 
1561 1550 1559 
1558 1550 1562 
1562 1550 1561 
1552 1558 1563 
1551 1553 1564 
1551 1564 1557 
1552 1563 1565 
1552 1565 1553 
1565 1566 1553 
1564 1553 1566 
1554 1557 1567 
1554 1567 1555 
1555 1567 1568 
1556 1555 1568 
1556 1568 1569 
1557 1564 1570 
1567 1557 1570 
1558 1562 1571 
1563 1558 1571 
1571 1572 1563 
1561 1573 1562 
1559 1560 1574 
1561 1559 1574 
1561 1574 1573 
1573 1575 1562 
1571 1562 1575 
1565 1563 1577 
1572 1576 1577 
1577 1563 1572 
1576 1578 1577 
1566 1579 1564 
1570 1564 1579 
1580 1579 1566 
1580 1566 1565 
1577 1580 1565 
1568 1567 1581 
1570 1581 1567 
1569 1568 1582 
1581 1582 1568 
1570 1579 1583 
1570 1583 1581 
1584 1572 1571 
1575 1584 1571 
1584 1585 1572 
1572 1585 1576 
1573 1574 1587 
1573 1587 1575 
1575 1587 1586 
1575 1586 1588 
1588 1584 1575 
1585 1589 1576 
1589 1590 1576 
1576 1590 1578 
1578 1590 1591 
1578 1591 1592 
1577 1578 1592 
1592 1580 1577 
1592 1593 1580 
1580 1593 1579 
1593 1583 1579 
1581 1583 1594 
1594 1582 1581 
1593 1595 1583 
1583 1595 1594 
1588 1596 1584 
1584 1596 1585 
1596 1597 1585 
1597 1589 1585 
1586 1598 1588 
1586 1587 1599 
1586 1599 1598 
1588 1598 1600 
1588 1600 1596 
1601 1589 1597 
1597 1602 1601 
1601 1603 1589 
1589 1603 1590 
1604 1591 1590 
1590 1603 1604 
1592 1591 1605 
1605 1591 1604 
1592 1605 1606 
1592 1606 1593 
1593 1606 1595 
1595 1606 1607 
1595 1607 1594 
1596 1600 1608 
1596 1608 1597 
1597 1608 1602 
1598 1599 1609 
1600 1598 1609 
1600 1609 1610 
1600 1610 1608 
1602 1608 1611 
1602 1612 1601 
1601 1612 1613 
1601 1613 1603 
1602 1611 1614 
1602 1614 1612 
1603 1613 1615 
1603 1615 1604 
1604 1615 1616 
1616 1605 1604 
1617 1605 1616 
1606 1605 1618 
1618 1605 1617 
1606 1618 1619 
1619 1607 1606 
1610 1621 1608 
1621 1611 1608 
1610 1609 1622 
1610 1622 1621 
1621 1623 1611 
1611 1623 1624 
1611 1624 1614 
1624 1620 1614 
1624 1625 1620 
1612 1614 1626 
1613 1612 1626 
1626 1627 1613 
1615 1613 1628 
1628 1613 1627 
1614 1620 1629 
1626 1614 1629 
1615 1628 1630 
1617 1616 1630 
1616 1615 1630 
1630 1631 1617 
1619 1618 1632 
1632 1618 1617 
1617 1631 1632 
1629 1620 1633 
1620 1625 1634 
1633 1620 1634 
1621 1622 1635 
1621 1635 1623 
1623 1635 1636 
1623 1636 1637 
1624 1623 1637 
1637 1625 1624 
1637 1638 1625 
1625 1638 1634 
1626 1629 1639 
1626 1639 1627 
1627 1639 1640 
1627 1640 1628 
1628 1640 1641 
1628 1641 1630 
1629 1633 1642 
1639 1629 1642 
1630 1641 1643 
1630 1643 1631 
1643 1641 1644 
1631 1643 1645 
1631 1645 1632 
1642 1633 1646 
1647 1634 1638 
1646 1633 1648 
1647 1648 1634 
1634 1648 1633 
1636 1649 1637 
1636 1635 1650 
1636 1650 1649 
1637 1649 1651 
1651 1638 1637 
1651 1652 1638 
1647 1638 1652 
1646 1653 1642 
1646 1654 1653 
1655 1654 1646 
1640 1639 1656 
1639 1642 1656 
1641 1640 1656 
1644 1641 1657 
1657 1641 1656 
1656 1642 1658 
1658 1642 1653 
1659 1644 1657 
1643 1644 1660 
1643 1660 1645 
1660 1644 1659 
1660 1661 1645 
1646 1648 1662 
1662 1648 1647 
1647 1652 1662 
1655 1646 1662 
1662 1663 1655 
1649 1650 1664 
1649 1664 1651 
1651 1664 1665 
1651 1665 1666 
1651 1666 1652 
1652 1666 1667 
1652 1667 1662 
1653 1654 1668 
1653 1668 1658 
1669 1668 1654 
1669 1654 1655 
1669 1655 1663 
1669 1663 1670 
1656 1658 1671 
1657 1656 1671 
1657 1671 1659 
1671 1658 1672 
1672 1658 1668 
1659 1671 1673 
1659 1673 1674 
1674 1661 1660 
1660 1659 1674 
1662 1667 1675 
1662 1675 1663 
1663 1675 1676 
1676 1670 1663 
1665 1677 1666 
1665 1664 1678 
1665 1678 1677 
1667 1666 1679 
1666 1677 1680 
1679 1666 1680 
1675 1667 1681 
1681 1667 1679 
1675 1681 1682 
1672 1668 1683 
1683 1668 1669 
1669 1670 1683 
1683 1670 1684 
1684 1670 1676 
1672 1683 1685 
1686 1673 1671 
1671 1672 1686 
1685 1686 1672 
1674 1673 1687 
1687 1673 1686 
1688 1676 1675 
1675 1682 1688 
1688 1689 1676 
1676 1689 1684 
1677 1678 1690 
1680 1677 1690 
1679 1680 1691 
1679 1691 1681 
1691 1680 1692 
1692 1680 1690 
1681 1691 1694 
1681 1694 1682 
1694 1691 1693 
1688 1682 1695 
1695 1682 1694 
1688 1695 1696 
1683 1684 1697 
1697 1685 1683 
1697 1684 1698 
1698 1684 1689 
1699 1685 1697 
1687 1686 1700 
1700 1686 1685 
1700 1685 1699 
1698 1689 1701 
1701 1689 1688 
1688 1696 1701 
1690 1702 1692 
1693 1703 1694 
1691 1692 1704 
1704 1692 1702 
1704 1693 1691 
1704 1705 1693 
1693 1705 1703 
1701 1696 1706 
1695 1694 1707 
1694 1703 1707 
1695 1707 1708 
1706 1696 1708 
1708 1696 1695 
1709 1698 1701 
1709 1710 1698 
1710 1697 1698 
1697 1710 1699 
1711 1699 1710 
1700 1699 1712 
1712 1699 1711 
1713 1709 1701 
1701 1706 1713 
1704 1702 1714 
1703 1705 1715 
1703 1715 1707 
1717 1715 1705 
1717 1705 1704 
1714 1716 1717 
1714 1717 1704 
1706 1718 1713 
1706 1708 1719 
1706 1719 1718 
1708 1707 1720 
1720 1707 1715 
1719 1708 1720 
1713 1718 1722 
1722 1718 1721 
1723 1709 1713 
1724 1711 1710 
1724 1710 1709 
1724 1709 1723 
1712 1711 1725 
1725 1711 1724 
1723 1713 1726 
1713 1722 1726 
1727 1716 1714 
1728 1716 1727 
1728 1729 1716 
1720 1715 1730 
1730 1715 1717 
1716 1729 1730 
1730 1717 1716 
1719 1731 1718 
1718 1731 1721 
1719 1720 1732 
1719 1732 1731 
1732 1720 1730 
1722 1721 1733 
1721 1731 1734 
1734 1733 1721 
1726 1722 1735 
1735 1722 1733 
1724 1723 1736 
1736 1723 1737 
1723 1726 1737 
1725 1724 1738 
1724 1736 1738 
1726 1735 1739 
1739 1737 1726 
1728 1727 1740 
1741 1729 1728 
1728 1740 1741 
1742 1730 1729 
1742 1729 1741 
1743 1732 1730 
1743 1730 1742 
1741 1744 1742 
1731 1732 1745 
1745 1732 1743 
1734 1731 1745 
1735 1733 1746 
1746 1733 1734 
1747 1746 1734 
1747 1734 1745 
1739 1735 1748 
1748 1735 1746 
1738 1736 1749 
1736 1737 1749 
1749 1737 1739 
1748 1750 1739 
1749 1739 1750 
1741 1740 1751 
1741 1751 1752 
1741 1752 1744 
1745 1743 1753 
1743 1742 1753 
1742 1744 1753 
1744 1752 1754 
1754 1753 1744 
1745 1753 1755 
1745 1755 1747 
1755 1756 1747 
1752 1751 1758 
1748 1746 1759 
1759 1746 1747 
1747 1756 1759 
1759 1756 1757 
1759 1760 1748 
1748 1760 1761 
1748 1761 1750 
1750 1761 1762 
1750 1762 1749 
1758 1751 1764 
1758 1764 1763 
1752 1758 1765 
1765 1754 1752 
1755 1753 1766 
1766 1753 1754 
1766 1754 1765 
1755 1766 1767 
1755 1767 1756 
1757 1756 1767 
1759 1757 1768 
1767 1769 1757 
1757 1769 1768 
1763 1770 1758 
1770 1765 1758 
1770 1771 1765 
1772 1760 1759 
1768 1772 1759 
1772 1773 1760 
1761 1760 1773 
1762 1761 1774 
1773 1774 1761 
1763 1775 1770 
1763 1764 1776 
1763 1776 1775 
1765 1771 1777 
1765 1777 1766 
1767 1766 1778 
1778 1766 1777 
1767 1778 1779 
1767 1779 1769 
1772 1768 1780 
1768 1769 1781 
1768 1781 1780 
1781 1769 1779 
1771 1782 1777 
1770 1775 1783 
1783 1782 1771 
1783 1771 1770 
1783 1775 1784 
1785 1773 1772 
1780 1785 1772 
1785 1786 1773 
1773 1786 1774 
1775 1776 1788 
1784 1775 1788 
1784 1788 1787 
1780 1789 1785 
1778 1790 1779 
1777 1782 1790 
1790 1778 1777 
1779 1790 1791 
1779 1791 1781 
1782 1792 1790 
1781 1793 1780 
1780 1793 1789 
1781 1791 1794 
1781 1794 1793 
1783 1795 1782 
1782 1795 1792 
1792 1795 1796 
1787 1797 1784 
1797 1795 1783 
1783 1784 1797 
1785 1789 1799 
1799 1789 1798 
1785 1799 1786 
1787 1800 1797 
1787 1788 1802 
1787 1802 1800 
1798 1789 1803 
1793 1803 1789 
1790 1792 1804 
1791 1790 1804 
1794 1791 1804 
1804 1792 1805 
1796 1805 1792 
1793 1794 1806 
1806 1803 1793 
1804 1807 1794 
1794 1807 1806 
1808 1805 1796 
1808 1796 1809 
1809 1796 1795 
1809 1795 1797 
1797 1800 1810 
1810 1800 1801 
1797 1810 1809 
1808 1809 1811 
1812 1798 1803 
1799 1798 1813 
1813 1798 1812 
1801 1814 1810 
1801 1815 1814 
1800 1802 1816 
1801 1800 1816 
1801 1816 1815 
1817 1812 1803 
1803 1806 1817 
1804 1805 1818 
1818 1805 1808 
1818 1807 1804 
1818 1819 1807 
1807 1819 1806 
1806 1819 1817 
1808 1811 1820 
1808 1820 1818 
1810 1814 1821 
1810 1821 1809 
1809 1821 1811 
1820 1811 1822 
1822 1811 1821 
1813 1812 1824 
1824 1812 1817 
1824 1817 1825 
1821 1814 1826 
1826 1814 1815 
1815 1827 1826 
1815 1816 1828 
1815 1828 1827 
1819 1829 1817 
1817 1829 1825 
1823 1825 1829 
1818 1820 1830 
1818 1830 1819 
1819 1830 1829 
1829 1831 1823 
1832 1820 1822 
1830 1820 1833 
1833 1820 1832 
1834 1822 1821 
1834 1821 1826 
1832 1822 1835 
1835 1822 1834 
1834 1826 1836 
1823 1831 1837 
1838 1825 1823 
1825 1838 1824 
1838 1823 1837 
1826 1827 1840 
1836 1826 1840 
1836 1840 1839 
1827 1828 1841 
1840 1827 1841 
1830 1833 1842 
1829 1830 1842 
1829 1842 1831 
1831 1842 1843 
1837 1831 1843 
1832 1835 1844 
1833 1832 1844 
1842 1833 1845 
1845 1833 1844 
1844 1835 1846 
1846 1835 1834 
1834 1836 1846 
1836 1839 1847 
1836 1847 1846 
1846 1848 1844 
1849 1837 1843 
1850 1837 1849 
1837 1850 1838 
1847 1839 1851 
1839 1840 1852 
1839 1852 1853 
1853 1851 1839 
1854 1852 1840 
1854 1840 1841 
1841 1855 1854 
1856 1849 1843 
1845 1857 1842 
1856 1843 1857 
1857 1843 1842 
1844 1848 1858 
1845 1844 1858 
1845 1858 1857 
1856 1857 1859 
1846 1847 1860 
1846 1860 1848 
1860 1847 1851 
1848 1860 1861 
1848 1861 1858 
1862 1849 1856 
1850 1849 1863 
1863 1849 1862 
1860 1851 1864 
1864 1851 1865 
1865 1851 1853 
1853 1852 1866 
1866 1852 1854 
1865 1853 1867 
1867 1853 1866 
1866 1854 1868 
1868 1854 1855 
1869 1862 1856 
1856 1859 1869 
1858 1861 1870 
1857 1858 1870 
1870 1859 1857 
1869 1859 1871 
1871 1859 1870 
1864 1872 1860 
1861 1860 1872 
1870 1861 1873 
1872 1873 1861 
1863 1862 1874 
1874 1862 1869 
1869 1875 1874 
1876 1872 1864 
1865 1867 1877 
1865 1877 1864 
1876 1864 1877 
1866 1868 1878 
1866 1878 1867 
1877 1867 1878 
1878 1868 1879 
1871 1880 1869 
1869 1880 1875 
1870 1873 1881 
1871 1870 1881 
1871 1881 1880 
1881 1873 1882 
1882 1873 1872 
1882 1872 1876 
1883 1875 1880 
1874 1875 1884 
1884 1875 1883 
1885 1876 1877 
1885 1886 1876 
1876 1886 1882 
1885 1887 1886 
1885 1877 1888 
1888 1877 1878 
1888 1878 1889 
1889 1878 1879 
1889 1879 1890 
1880 1881 1892 
1892 1881 1882 
1883 1880 1892 
1893 1892 1882 
1893 1882 1886 
1884 1883 1894 
1895 1894 1883 
1895 1883 1892 
1884 1894 1896 
1888 1897 1885 
1885 1897 1887 
1898 1893 1886 
1898 1886 1899 
1886 1887 1899 
1899 1887 1900 
1900 1887 1897 
1901 1897 1888 
1901 1888 1889 
1890 1891 1902 
1889 1890 1902 
1889 1902 1901 
1903 1902 1891 
1903 1891 1905 
1905 1904 1903 
1906 1893 1898 
1907 1895 1892 
1907 1892 1893 
1907 1893 1906 
1896 1894 1908 
1908 1894 1895 
1908 1895 1909 
1909 1895 1907 
1896 1908 1910 
1901 1911 1897 
1900 1897 1911 
1912 1906 1898 
1898 1899 1912 
1912 1899 1913 
1900 1911 1913 
1913 1899 1900 
1914 1911 1901 
1901 1902 1914 
1914 1902 1903 
1914 1903 1915 
1915 1903 1904 
1916 1915 1904 
1916 1904 1917 
1917 1904 1905 
1917 1905 1918 
1919 1906 1912 
1909 1907 1920 
1920 1907 1906 
1920 1906 1919 
1910 1908 1921 
1921 1908 1909 
1920 1922 1909 
1909 1922 1921 
1910 1921 1923 
1910 1923 1924 
1925 1913 1911 
1925 1911 1914 
1919 1912 1926 
1912 1913 1926 
1926 1913 1925 
1914 1915 1927 
1914 1927 1925 
1928 1927 1915 
1928 1915 1916 
1916 1917 1929 
1916 1929 1928 
1917 1918 1929 
1930 1919 1926 
1931 1922 1920 
1920 1919 1931 
1931 1919 1930 
1931 1932 1922 
1921 1922 1932 
1923 1921 1932 
1924 1923 1933 
1933 1923 1932 
1924 1933 1934 
1925 1927 1935 
1925 1935 1926 
1935 1936 1926 
1926 1936 1930 
1935 1927 1937 
1937 1927 1928 
1937 1928 1938 
1938 1928 1929 
1931 1930 1939 
1939 1930 1940 
1940 1930 1936 
1933 1932 1941 
1941 1932 1931 
1931 1939 1941 
1934 1933 1942 
1942 1933 1941 
1934 1942 1943 
1943 1944 1934 
1935 1937 1945 
1935 1945 1936 
1936 1945 1940 
1937 1938 1946 
1945 1937 1946 
1941 1939 1947 
1940 1945 1947 
1940 1947 1939 
1942 1941 1948 
1947 1948 1941 
1943 1942 1949 
1949 1942 1948 
1943 1949 1944 
1950 1947 1945 
1946 1950 1945 
1949 1948 1951 
1951 1948 1947 
1951 1947 1950 
